-1
0.2413
0.2461
0.252
0.2467
0.2397
0.2427
0.2457
0.2492
0.2509
0.2533
0.2368
0.2504
0.3482
0.1841
0.1889
0.1946
0.1878
0.1808
0.1841
0.1886
0.1904
0.1931
0.1953
0.1784
0.1924
0.3474
0.183
0.1906
0.1949
0.189
0.1819
0.1841
0.187
0.19
0.1929
0.1955
0.1775
0.1924
0.3472
0.1828
0.1885
0.1933
0.1862
0.1782
0.1825
0.1847
0.1863
0.1897
0.1927
0.1729
0.187
0.2409
-1
0.2612
0.2654
0.2611
0.2523
0.2477
0.2515
0.2549
0.2574
0.2613
0.243
0.2597
0.1838
0.358
0.2041
0.2084
0.2016
0.1952
0.1882
0.1928
0.1944
0.1994
0.201
0.185
0.2022
0.1846
0.3576
0.203
0.2093
0.203
0.1955
0.1879
0.1923
0.1949
0.1993
0.2014
0.1838
0.1996
0.1836
0.3579
0.2031
0.2081
0.2022
0.1921
0.1855
0.1882
0.191
0.194
0.1982
0.1803
0.1964
0.2481
0.2595
-1
0.2781
0.2726
0.2679
0.2604
0.2542
0.2596
0.2636
0.2678
0.2515
0.2679
0.1906
0.2025
0.3681
0.2233
0.2186
0.2101
0.2026
0.1964
0.2006
0.2044
0.2088
0.1915
0.21
0.1896
0.2038
0.3686
0.2241
0.218
0.2091
0.2028
0.1954
0.2014
0.205
0.2076
0.1922
0.2084
0.1882
0.2029
0.3692
0.222
0.2164
0.2073
0.1984
0.1932
0.198
0.2016
0.2056
0.1876
0.2037
0.2518
0.2638
0.2795
-1
0.2863
0.2816
0.2755
0.2686
0.2645
0.2709
0.2744
0.258
0.2771
0.1946
0.2081
0.2231
0.3813
0.2319
0.2255
0.2176
0.211
0.2057
0.2102
0.2152
0.1966
0.2154
0.1941
0.2087
0.2236
0.3806
0.2323
0.2254
0.2177
0.211
0.2062
0.211
0.2136
0.1985
0.2177
0.1929
0.2086
0.2216
0.3801
0.2302
0.2227
0.2159
0.2083
0.2012
0.2071
0.2113
0.1944
0.2122
0.2455
0.2607
0.2737
0.287
-1
0.2942
0.2895
0.2841
0.2796
0.2749
0.2819
0.2659
0.2746
0.1883
0.2033
0.2182
0.232
0.3938
0.2395
0.2345
0.2278
0.2226
0.2161
0.2218
0.206
0.2119
0.1881
0.2025
0.2177
0.2336
0.3944
0.2406
0.2335
0.227
0.222
0.2158
0.2217
0.2045
0.2119
0.1881
0.2023
0.2174
0.2307
0.3952
0.2378
0.2323
0.2248
0.2177
0.2124
0.2191
0.2014
0.2074
0.2392
0.2529
0.2658
0.2798
0.2953
-1
0.3034
0.298
0.2935
0.2878
0.2874
0.274
0.284
0.1813
0.1956
0.2101
0.2262
0.2406
0.407
0.2467
0.2438
0.2374
0.2327
0.2286
0.2138
0.2218
0.181
0.1963
0.2096
0.2244
0.2393
0.4086
0.2479
0.2428
0.2391
0.2318
0.2268
0.213
0.2219
0.1802
0.195
0.2085
0.2228
0.2383
0.4078
0.2446
0.2394
0.2335
0.2279
0.2244
0.2086
0.2168
0.2441
0.2458
0.2607
0.2752
0.2889
0.3014
-1
0.3135
0.3107
0.3046
0.303
0.2792
0.2903
0.1854
0.1886
0.2023
0.2183
0.2352
0.2491
0.4237
0.2604
0.2558
0.2505
0.2449
0.2188
0.2312
0.1848
0.1884
0.2028
0.2173
0.2323
0.2481
0.4224
0.2593
0.2552
0.2489
0.2458
0.2193
0.2308
0.1839
0.1876
0.2006
0.2167
0.2312
0.2455
0.4194
0.2559
0.2529
0.2455
0.2427
0.2151
0.2252
0.2455
0.2504
0.255
0.2686
0.2828
0.2974
0.3121
-1
0.3245
0.3199
0.3171
0.2967
0.2991
0.1859
0.1915
0.1962
0.2109
0.2268
0.2433
0.258
0.4374
0.2702
0.2641
0.262
0.2373
0.238
0.1861
0.1928
0.1951
0.2103
0.2273
0.2431
0.2611
0.437
0.2719
0.2637
0.2621
0.2379
0.2383
0.1854
0.1914
0.1956
0.2097
0.2269
0.2409
0.2562
0.4333
0.2663
0.2616
0.258
0.2332
0.2318
0.249
0.2541
0.2587
0.2647
0.2797
0.293
0.3087
0.3238
-1
0.3324
0.331
0.3146
0.317
0.1905
0.1962
0.2004
0.2043
0.2214
0.2378
0.2553
0.2712
0.454
0.2815
0.2765
0.2571
0.2582
0.1892
0.1946
0.2004
0.2059
0.2216
0.238
0.2549
0.2699
0.4528
0.2803
0.2778
0.2574
0.2597
0.1887
0.1935
0.2005
0.2029
0.2182
0.2348
0.2534
0.2678
0.4512
0.2775
0.2734
0.2521
0.2534
0.25
0.2579
0.2631
0.269
0.2748
0.2902
0.3069
0.3186
0.3343
-1
0.3396
0.3237
0.3284
0.1935
0.1979
0.205
0.2097
0.2154
0.2323
0.2494
0.2648
0.2804
0.4724
0.2863
0.269
0.2694
0.1934
0.1982
0.2031
0.2117
0.2157
0.2315
0.2504
0.2659
0.2806
0.4705
0.2887
0.2673
0.2705
0.1919
0.1963
0.2032
0.2104
0.215
0.2308
0.2464
0.2636
0.2781
0.4686
0.2837
0.2627
0.2634
0.2551
0.261
0.2688
0.2733
0.2807
0.286
0.3014
0.318
0.3325
0.3402
-1
0.334
0.3384
0.1972
0.2034
0.2089
0.2141
0.2206
0.2281
0.2449
0.2605
0.2778
0.2867
0.4928
0.2791
0.2829
0.1965
0.2019
0.2068
0.2158
0.224
0.2276
0.245
0.2607
0.2776
0.2862
0.4939
0.2803
0.2819
0.1955
0.2004
0.2075
0.2129
0.2198
0.2264
0.2422
0.2583
0.2748
0.2838
0.4918
0.2752
0.2754
0.2365
0.2439
0.2502
0.26
0.2675
0.2737
0.2799
0.2971
0.3157
0.3232
0.3327
-1
0.3161
0.1773
0.184
0.191
0.1994
0.2058
0.2125
0.2194
0.237
0.2593
0.2675
0.2788
0.4718
0.2597
0.1771
0.1846
0.1918
0.1981
0.2078
0.2109
0.2198
0.2375
0.2596
0.2674
0.2793
0.47
0.2601
0.1774
0.1844
0.1903
0.1974
0.2036
0.2116
0.2186
0.235
0.255
0.2631
0.2758
0.4654
0.2557
0.2525
0.2609
0.268
0.2776
0.2754
0.2827
0.2918
0.2962
0.317
0.327
0.3384
0.3164
-1
0.1917
0.2005
0.2075
0.2156
0.2111
0.2218
0.2289
0.2376
0.2565
0.2694
0.2824
0.2601
0.4896
0.192
0.2015
0.2099
0.2171
0.2118
0.2219
0.2301
0.2372
0.2603
0.2698
0.2826
0.2609
0.4884
0.191
0.1998
0.208
0.2158
0.2113
0.2192
0.228
0.2351
0.2547
0.2652
0.2779
0.2559
0.4842
0.3488
0.1841
0.1907
0.1943
0.1883
0.1815
0.1843
0.1868
0.1904
0.1929
0.1949
0.1774
0.1931
-1
0.2414
0.2467
0.2504
0.2453
0.2396
0.2448
0.2465
0.2484
0.2499
0.2523
0.2369
0.2498
0.3495
0.1838
0.1893
0.1952
0.1882
0.1807
0.1843
0.1877
0.1905
0.193
0.1948
0.177
0.193
0.3484
0.1829
0.1898
0.1924
0.1865
0.1787
0.1815
0.1831
0.1866
0.1888
0.1917
0.1727
0.1867
0.1853
0.3586
0.2029
0.2105
0.2037
0.1948
0.1876
0.1911
0.1964
0.197
0.2014
0.1842
0.2006
0.2429
-1
0.2618
0.2664
0.2609
0.252
0.2468
0.2493
0.2546
0.2575
0.2602
0.2442
0.2616
0.1842
0.3577
0.2036
0.208
0.2031
0.1942
0.1885
0.1916
0.1958
0.1984
0.2017
0.185
0.2014
0.1828
0.3568
0.2042
0.2074
0.2025
0.1924
0.1865
0.189
0.1922
0.1954
0.1987
0.1802
0.1967
0.1894
0.2027
0.3692
0.223
0.2184
0.2098
0.2038
0.1966
0.2013
0.2033
0.209
0.1923
0.2102
0.2465
0.2603
-1
0.2783
0.2742
0.2673
0.2604
0.2549
0.2586
0.2623
0.2674
0.2503
0.2694
0.1904
0.204
0.3684
0.2227
0.2175
0.2108
0.203
0.1955
0.2003
0.2057
0.209
0.1911
0.2087
0.1892
0.201
0.3675
0.2215
0.2159
0.2079
0.2012
0.193
0.1965
0.2014
0.2062
0.1873
0.2032
0.1939
0.2087
0.2227
0.3802
0.232
0.2258
0.2189
0.2103
0.2067
0.2095
0.216
0.1983
0.2177
0.2525
0.2648
0.2783
-1
0.287
0.2798
0.2754
0.268
0.265
0.2686
0.2737
0.2595
0.278
0.1946
0.2084
0.2236
0.3807
0.2321
0.225
0.2179
0.21
0.2053
0.2104
0.216
0.1977
0.2174
0.1937
0.2084
0.2208
0.3795
0.2292
0.2241
0.2163
0.2093
0.2026
0.2078
0.2104
0.1944
0.2115
0.1879
0.2039
0.2192
0.2322
0.3952
0.2394
0.2336
0.2276
0.2213
0.2168
0.2233
0.206
0.2126
0.2453
0.2597
0.274
0.2856
-1
0.2941
0.2889
0.2837
0.2777
0.2754
0.2816
0.2669
0.274
0.188
0.204
0.2191
0.2327
0.3942
0.24
0.2335
0.226
0.2208
0.2158
0.2222
0.2061
0.2133
0.1867
0.2018
0.2179
0.2306
0.3933
0.2378
0.2313
0.2247
0.2183
0.2126
0.2187
0.2019
0.2084
0.1802
0.1941
0.2107
0.2238
0.2407
0.4085
0.2484
0.2425
0.2375
0.2324
0.2275
0.2125
0.2213
0.2393
0.2535
0.2681
0.2809
0.2926
-1
0.3024
0.2986
0.2968
0.2894
0.2866
0.2736
0.2836
0.1798
0.1945
0.2098
0.2251
0.2396
0.4086
0.2485
0.2433
0.2372
0.2327
0.2279
0.2139
0.2216
0.1799
0.1938
0.2076
0.2254
0.238
0.4075
0.2473
0.2406
0.2344
0.2278
0.2223
0.2092
0.2159
0.1838
0.1875
0.2028
0.2182
0.2348
0.2482
0.4214
0.2588
0.256
0.2495
0.2453
0.2192
0.2306
0.2439
0.2472
0.2609
0.2763
0.2904
0.3034
-1
0.3134
0.3105
0.3066
0.3035
0.2786
0.2901
0.1839
0.1883
0.2033
0.2177
0.2339
0.2483
0.4223
0.2601
0.2552
0.2508
0.2455
0.2198
0.2297
0.1841
0.186
0.2008
0.217
0.2317
0.2463
0.422
0.2566
0.2512
0.2463
0.2418
0.2146
0.2253
0.1867
0.1916
0.1962
0.2102
0.2263
0.2421
0.2603
0.4363
0.2716
0.2659
0.2595
0.2378
0.2386
0.2445
0.2508
0.2535
0.2703
0.2839
0.2976
0.313
-1
0.3234
0.3179
0.317
0.2971
0.2987
0.1868
0.1909
0.1973
0.2122
0.227
0.2428
0.2604
0.4358
0.271
0.2657
0.2624
0.2379
0.2387
0.1844
0.1906
0.1964
0.2091
0.2254
0.2412
0.2567
0.4349
0.269
0.2619
0.2588
0.2342
0.2317
0.1903
0.1949
0.2002
0.2056
0.2215
0.2362
0.2551
0.2722
0.453
0.2815
0.2773
0.2582
0.2568
0.2491
0.2547
0.2606
0.2643
0.2791
0.2942
0.3094
0.3231
-1
0.3336
0.3314
0.3149
0.3173
0.1884
0.1956
0.2001
0.205
0.2203
0.2374
0.2553
0.2701
0.4526
0.2798
0.2778
0.2585
0.2571
0.1891
0.1944
0.1994
0.2038
0.2188
0.2364
0.2525
0.268
0.4494
0.2781
0.2741
0.2543
0.2536
0.1924
0.1986
0.2035
0.2103
0.2164
0.2319
0.2497
0.2647
0.2808
0.4714
0.2879
0.268
0.2684
0.2504
0.2573
0.2626
0.2698
0.2751
0.2887
0.3059
0.3206
0.3332
-1
0.3392
0.3238
0.3269
0.1933
0.1968
0.2042
0.2109
0.2156
0.2317
0.2487
0.266
0.281
0.4721
0.2875
0.2686
0.2671
0.1921
0.1972
0.2032
0.2081
0.2138
0.2296
0.2477
0.2625
0.2772
0.4694
0.2836
0.2632
0.2635
0.196
0.2022
0.2079
0.2162
0.222
0.2282
0.2449
0.2606
0.2785
0.2859
0.4942
0.2785
0.2816
0.2545
0.261
0.2669
0.2733
0.2827
0.287
0.3035
0.3155
0.3325
0.3393
-1
0.334
0.3393
0.1958
0.2028
0.2078
0.2146
0.2214
0.2278
0.2451
0.262
0.2785
0.2864
0.4949
0.2788
0.2819
0.1943
0.2024
0.2074
0.2138
0.2198
0.2266
0.2443
0.259
0.2735
0.2833
0.4916
0.2762
0.2768
0.1769
0.1846
0.1915
0.1982
0.2072
0.2149
0.2194
0.2381
0.2589
0.2681
0.2802
0.4709
0.2607
0.2356
0.2438
0.2509
0.2592
0.2651
0.2751
0.2789
0.2986
0.3153
0.3231
0.3339
-1
0.3165
0.1779
0.1842
0.1928
0.1987
0.2067
0.2127
0.2171
0.2395
0.2579
0.2676
0.2792
0.4718
0.2615
0.1771
0.1842
0.1909
0.1974
0.2032
0.2118
0.2171
0.2361
0.2552
0.2631
0.2742
0.4671
0.2561
0.1932
0.2004
0.2103
0.2167
0.2119
0.2226
0.2296
0.2382
0.2587
0.2691
0.282
0.2601
0.4892
0.2512
0.2609
0.2678
0.2778
0.2743
0.2836
0.2912
0.2985
0.3167
0.328
0.3384
0.3152
-1
0.1933
0.2004
0.2088
0.2164
0.2124
0.2222
0.2302
0.2387
0.2578
0.268
0.2821
0.26
0.4876
0.191
0.2014
0.2088
0.2163
0.2106
0.22
0.2281
0.2354
0.255
0.2665
0.2773
0.2565
0.4826
0.348
0.1842
0.1886
0.195
0.1871
0.1814
0.1833
0.1857
0.1895
0.1916
0.1953
0.1769
0.1931
0.3461
0.1842
0.1906
0.1951
0.1886
0.1804
0.1842
0.1877
0.1904
0.193
0.1951
0.177
0.1924
-1
0.2414
0.2488
0.2517
0.2478
0.2393
0.2422
0.2456
0.2489
0.2508
0.254
0.2374
0.2507
0.3476
0.1833
0.1888
0.1927
0.186
0.1779
0.1827
0.1843
0.186
0.1894
0.1921
0.1717
0.1867
0.1841
0.3573
0.2027
0.208
0.2038
0.1958
0.1886
0.1915
0.1945
0.1973
0.2021
0.1848
0.201
0.1844
0.3597
0.2035
0.2097
0.2041
0.1952
0.1879
0.1916
0.1956
0.1978
0.2014
0.1862
0.1997
0.2425
-1
0.2605
0.2666
0.2598
0.2527
0.2459
0.2517
0.2533
0.2576
0.2626
0.2453
0.2606
0.1841
0.3585
0.2025
0.2082
0.2009
0.1929
0.1853
0.1881
0.1926
0.1955
0.1986
0.1783
0.1959
0.1899
0.2041
0.3687
0.2239
0.2194
0.2113
0.2022
0.1969
0.2019
0.2051
0.209
0.1911
0.2087
0.1894
0.2029
0.3692
0.2225
0.2188
0.2101
0.202
0.1976
0.2005
0.2045
0.2096
0.1922
0.2084
0.2468
0.2595
-1
0.2793
0.2742
0.2688
0.2593
0.253
0.2598
0.2642
0.2665
0.2516
0.2695
0.1893
0.2023
0.3686
0.2215
0.2176
0.2078
0.1995
0.1935
0.1973
0.2003
0.2038
0.1865
0.2041
0.1934
0.2099
0.2228
0.3798
0.2322
0.224
0.2175
0.2102
0.2052
0.2089
0.2155
0.1978
0.2177
0.1948
0.2093
0.2217
0.3816
0.233
0.2261
0.2188
0.2117
0.2042
0.2105
0.2154
0.1991
0.2173
0.2508
0.2642
0.2775
-1
0.2873
0.2826
0.2758
0.2693
0.2644
0.2701
0.2744
0.2584
0.2761
0.1931
0.2092
0.2222
0.3796
0.2305
0.2225
0.2166
0.2073
0.2017
0.2076
0.2118
0.1936
0.2119
0.1892
0.2029
0.2184
0.231
0.3951
0.2407
0.233
0.2261
0.2215
0.2156
0.2227
0.2057
0.2115
0.1878
0.2036
0.2183
0.234
0.3949
0.2412
0.234
0.2277
0.2205
0.2161
0.2222
0.2065
0.2118
0.2472
0.2607
0.2749
0.2848
-1
0.295
0.2893
0.2844
0.2779
0.2757
0.282
0.2659
0.2734
0.1869
0.2014
0.217
0.2301
0.3944
0.2371
0.2312
0.2254
0.2187
0.2105
0.2183
0.2024
0.2081
0.1804
0.1955
0.2097
0.2263
0.239
0.4092
0.2487
0.243
0.2373
0.2324
0.2271
0.2129
0.2214
0.1815
0.1944
0.209
0.225
0.2407
0.4089
0.2487
0.2424
0.2385
0.2317
0.2269
0.2118
0.2228
0.2398
0.2547
0.2674
0.2803
0.2951
-1
0.3032
0.2982
0.2947
0.2895
0.2868
0.2732
0.2831
0.1793
0.1941
0.2093
0.2238
0.2376
0.4068
0.2455
0.2401
0.2347
0.2288
0.2251
0.2082
0.2159
0.1852
0.1883
0.2018
0.2177
0.2332
0.2481
0.4205
0.2575
0.2559
0.2501
0.2459
0.2191
0.231
0.1822
0.1879
0.2021
0.2178
0.2336
0.2492
0.4215
0.2594
0.2563
0.2507
0.2442
0.2194
0.2299
0.2431
0.2482
0.2588
0.2759
0.289
0.3034
-1
0.3113
0.3088
0.3067
0.3036
0.2796
0.291
0.1845
0.1873
0.2013
0.2169
0.2329
0.2471
0.4174
0.2572
0.2518
0.2466
0.2422
0.2152
0.2248
0.1859
0.1917
0.1959
0.2102
0.2272
0.2448
0.2589
0.4358
0.2701
0.2638
0.2634
0.2377
0.239
0.1863
0.1924
0.1968
0.21
0.228
0.2423
0.2586
0.4353
0.2695
0.2648
0.2609
0.2377
0.2365
0.2446
0.2507
0.2555
0.2698
0.2837
0.2998
0.3124
-1
0.322
0.3195
0.3176
0.2974
0.2977
0.1869
0.1907
0.1949
0.2087
0.2245
0.2408
0.2563
0.4353
0.2673
0.2621
0.2576
0.2341
0.2336
0.1894
0.1954
0.2005
0.2044
0.22
0.2377
0.2547
0.2701
0.4528
0.2809
0.2783
0.2583
0.2575
0.1896
0.1954
0.2013
0.2035
0.2214
0.2384
0.2556
0.2707
0.4526
0.2812
0.2783
0.2579
0.2593
0.2496
0.2542
0.2586
0.2631
0.2789
0.295
0.3098
0.3237
-1
0.3336
0.3309
0.3153
0.3166
0.1894
0.194
0.1985
0.2037
0.2198
0.2356
0.2534
0.2675
0.4511
0.2777
0.2735
0.2535
0.2535
0.1925
0.1984
0.2038
0.2092
0.2164
0.2306
0.2493
0.2654
0.2805
0.4719
0.2879
0.2686
0.2685
0.1929
0.1973
0.204
0.2097
0.215
0.2319
0.2499
0.2645
0.2826
0.4706
0.2859
0.267
0.2689
0.2507
0.2582
0.263
0.2694
0.2751
0.2889
0.306
0.3191
0.3324
-1
0.341
0.3243
0.3261
0.1927
0.1977
0.2027
0.2091
0.213
0.2293
0.247
0.2622
0.2791
0.4684
0.2826
0.2615
0.2653
0.1967
0.2017
0.2097
0.2159
0.2229
0.2287
0.2445
0.2607
0.2753
0.2883
0.4925
0.279
0.2824
0.1958
0.2026
0.2087
0.2159
0.223
0.2277
0.2458
0.2611
0.2781
0.2857
0.4933
0.279
0.2829
0.255
0.2605
0.2672
0.2759
0.2802
0.2869
0.3051
0.3178
0.333
0.3403
-1
0.3333
0.3394
0.1952
0.2008
0.2068
0.2139
0.2213
0.2254
0.2443
0.2583
0.2743
0.2836
0.4906
0.2747
0.2756
0.1781
0.1854
0.1922
0.1982
0.2054
0.2135
0.22
0.2358
0.2581
0.2688
0.2781
0.4709
0.2614
0.1775
0.1831
0.1911
0.1987
0.206
0.2135
0.2184
0.2385
0.2589
0.2674
0.2789
0.4704
0.2595
0.2362
0.2434
0.2527
0.2589
0.2665
0.2735
0.2786
0.2963
0.3157
0.3219
0.3341
-1
0.3165
0.1771
0.1837
0.1899
0.1961
0.2048
0.2101
0.2175
0.2343
0.2568
0.2654
0.2751
0.4672
0.2545
0.1936
0.2011
0.2092
0.2172
0.2124
0.2216
0.2298
0.237
0.2565
0.2688
0.2827
0.2611
0.4893
0.1925
0.2008
0.2094
0.2165
0.2125
0.2216
0.2307
0.2375
0.2592
0.2701
0.2816
0.2613
0.489
0.2522
0.2602
0.2697
0.2788
0.274
0.2838
0.2902
0.2975
0.3177
0.3276
0.3376
0.3167
-1
0.1918
0.1997
0.2079
0.2156
0.2107
0.2194
0.228
0.2355
0.256
0.266
0.278
0.2552
0.4841
0.3486
0.1824
0.1885
0.1929
0.1868
0.1801
0.1835
0.1862
0.1891
0.1925
0.1943
0.1779
0.1913
0.3487
0.1825
0.1896
0.1923
0.1877
0.1813
0.1827
0.1865
0.1898
0.1901
0.1944
0.177
0.1929
0.3496
0.1834
0.1889
0.1942
0.1878
0.1807
0.1834
0.1853
0.1892
0.1913
0.1953
0.177
0.1912
-1
0.2206
0.2264
0.2304
0.224
0.218
0.2187
0.2209
0.224
0.227
0.2298
0.2145
0.2277
0.1833
0.3569
0.2022
0.209
0.2015
0.1939
0.1879
0.1919
0.1946
0.1975
0.2
0.1827
0.2004
0.1837
0.3573
0.2023
0.206
0.2027
0.1939
0.1876
0.191
0.1947
0.1971
0.2008
0.184
0.1995
0.183
0.3582
0.2019
0.2081
0.2032
0.1932
0.1873
0.1904
0.1931
0.1963
0.2016
0.1837
0.1995
0.221
-1
0.2397
0.244
0.2377
0.2307
0.224
0.2271
0.2303
0.2347
0.2361
0.2219
0.2341
0.1908
0.2029
0.3693
0.2205
0.2173
0.2092
0.2006
0.1949
0.1997
0.2029
0.2055
0.1898
0.2083
0.1882
0.2018
0.3669
0.2213
0.219
0.2095
0.2028
0.1952
0.1997
0.2031
0.2069
0.1893
0.2079
0.1884
0.2023
0.3697
0.2218
0.2177
0.2094
0.2008
0.1942
0.1986
0.2033
0.2081
0.1903
0.208
0.226
0.2391
-1
0.2562
0.2526
0.245
0.238
0.2306
0.2365
0.2396
0.2422
0.2288
0.2425
0.1934
0.207
0.2228
0.3795
0.2315
0.2242
0.2167
0.2088
0.2046
0.208
0.2133
0.197
0.2157
0.1926
0.2082
0.2224
0.3796
0.2315
0.2236
0.2164
0.208
0.2045
0.2087
0.2138
0.1973
0.2155
0.1928
0.2086
0.2215
0.3795
0.2305
0.2241
0.2178
0.2093
0.2024
0.2075
0.214
0.1977
0.2154
0.2313
0.2438
0.2584
-1
0.2643
0.2584
0.2526
0.2452
0.2395
0.2452
0.2496
0.2341
0.2521
0.1869
0.2015
0.2162
0.2292
0.3935
0.2386
0.2325
0.2261
0.2194
0.2144
0.2203
0.205
0.2108
0.1866
0.2008
0.216
0.2301
0.3935
0.238
0.2322
0.2249
0.2184
0.2146
0.2193
0.2042
0.2108
0.1865
0.2011
0.2176
0.2316
0.3932
0.2369
0.2332
0.2251
0.2192
0.2144
0.2216
0.2045
0.212
0.2241
0.2378
0.2515
0.2644
-1
0.2716
0.2659
0.2619
0.2541
0.2496
0.2559
0.2443
0.2474
0.1798
0.1918
0.2079
0.2231
0.2389
0.4062
0.2465
0.2398
0.2357
0.23
0.226
0.2116
0.2192
0.1787
0.1929
0.208
0.2222
0.2374
0.4072
0.2472
0.2413
0.2352
0.2302
0.2263
0.2121
0.2197
0.1801
0.1925
0.2079
0.2233
0.2389
0.4059
0.2457
0.2421
0.235
0.2301
0.2263
0.2113
0.2194
0.2178
0.2315
0.2447
0.2586
0.2715
-1
0.2796
0.2754
0.2702
0.2645
0.2601
0.2486
0.2557
0.1826
0.1868
0.1995
0.2152
0.232
0.2451
0.4188
0.2575
0.2532
0.2475
0.2424
0.2166
0.2284
0.1823
0.1863
0.1997
0.2161
0.2311
0.2451
0.4202
0.2571
0.2524
0.2457
0.2421
0.2174
0.2273
0.1816
0.1853
0.201
0.2144
0.2333
0.2473
0.4186
0.2568
0.2522
0.2471
0.2419
0.2162
0.2274
0.2206
0.2244
0.2371
0.2527
0.2648
0.2789
-1
0.2887
0.2862
0.2815
0.2784
0.2545
0.2627
0.1843
0.1884
0.193
0.2082
0.2236
0.2405
0.2577
0.4359
0.2683
0.2617
0.2595
0.2355
0.2357
0.1845
0.1892
0.1928
0.2085
0.2254
0.2389
0.2569
0.4342
0.2682
0.2617
0.2587
0.2371
0.2357
0.1842
0.19
0.1925
0.2083
0.2246
0.2412
0.2574
0.4365
0.2687
0.2618
0.2577
0.2368
0.2369
0.2232
0.2274
0.2306
0.2446
0.2604
0.2736
0.289
-1
0.2995
0.2965
0.2921
0.2722
0.2697
0.1869
0.1912
0.1977
0.2024
0.2179
0.2347
0.2515
0.2673
0.4514
0.278
0.2731
0.2557
0.2549
0.1879
0.1927
0.1976
0.2017
0.2179
0.2343
0.2521
0.268
0.4498
0.2783
0.2738
0.2557
0.2554
0.1863
0.192
0.1974
0.203
0.218
0.235
0.2517
0.2664
0.4506
0.2787
0.2756
0.2544
0.2552
0.2259
0.2307
0.2367
0.2397
0.2553
0.2705
0.2854
0.2997
-1
0.3096
0.3103
0.2906
0.2894
0.1891
0.1948
0.2013
0.2073
0.2119
0.2277
0.2467
0.262
0.2774
0.4703
0.2817
0.2653
0.2659
0.1888
0.1951
0.2013
0.2055
0.2121
0.2279
0.246
0.2608
0.2785
0.4695
0.2836
0.2641
0.2658
0.1886
0.196
0.2019
0.2077
0.2123
0.2286
0.2456
0.2615
0.2766
0.4682
0.2835
0.2634
0.265
0.2279
0.2328
0.2381
0.2446
0.2493
0.2645
0.2798
0.2958
0.3098
-1
0.3164
0.2978
0.2988
0.1921
0.1991
0.2042
0.211
0.2179
0.2241
0.2424
0.2571
0.2737
0.2837
0.4886
0.2747
0.2781
0.1914
0.1983
0.2041
0.2102
0.2192
0.2236
0.2415
0.2572
0.2732
0.2826
0.4915
0.2751
0.2795
0.1919
0.1979
0.2046
0.2117
0.2184
0.2254
0.2418
0.2575
0.2728
0.2821
0.4894
0.275
0.2774
0.23
0.2385
0.2431
0.2483
0.2575
0.2608
0.2765
0.2927
0.3101
0.3161
-1
0.3073
0.3088
0.1741
0.1808
0.1873
0.1928
0.2021
0.2089
0.2149
0.2333
0.2548
0.2643
0.2757
0.4683
0.2564
0.1726
0.1802
0.1867
0.1934
0.2013
0.2086
0.2141
0.2341
0.2538
0.2637
0.2746
0.4684
0.2568
0.1733
0.1804
0.1868
0.1928
0.2014
0.2094
0.2148
0.2344
0.2545
0.2648
0.2752
0.468
0.2552
0.2136
0.2216
0.2281
0.2357
0.2423
0.249
0.2536
0.2713
0.2903
0.2991
0.3075
-1
0.2915
0.1859
0.1958
0.2045
0.2112
0.2071
0.2174
0.2256
0.2324
0.2547
0.2634
0.2774
0.2535
0.4853
0.1873
0.1946
0.204
0.2119
0.2064
0.2159
0.2248
0.2323
0.253
0.2644
0.2759
0.2568
0.4838
0.1873
0.1946
0.2033
0.2112
0.206
0.216
0.2248
0.2315
0.2518
0.2626
0.2768
0.2567
0.4841
0.226
0.2361
0.2427
0.2508
0.2469
0.2562
0.2619
0.2699
0.2886
0.2994
0.3091
0.2913
-1
