-1
0.3117
0.317
0.3221
0.3164
0.3106
0.3157
0.3167
0.3235
0.3285
0.3343
0.3196
0.3378
0.4318
0.2565
0.2629
0.2662
0.2618
0.252
0.2596
0.2634
0.2676
0.2739
0.2807
0.2635
0.2845
0.4316
0.2553
0.2626
0.2655
0.2611
0.2523
0.257
0.2639
0.2701
0.2732
0.2798
0.263
0.2855
0.4303
0.2542
0.2592
0.266
0.259
0.2507
0.2557
0.2609
0.265
0.2716
0.2749
0.2599
0.2787
0.3112
-1
0.3316
0.3356
0.3306
0.3253
0.3161
0.323
0.3306
0.3348
0.3437
0.3268
0.3474
0.2547
0.4471
0.2773
0.2834
0.2766
0.2697
0.2625
0.2705
0.2758
0.2816
0.2882
0.272
0.2959
0.2555
0.4465
0.2776
0.2836
0.2763
0.2687
0.2637
0.2687
0.275
0.2817
0.2877
0.2714
0.2948
0.2547
0.4443
0.2764
0.2824
0.2761
0.2655
0.2605
0.2664
0.2724
0.2756
0.2838
0.2692
0.289
0.3172
0.3306
-1
0.3513
0.348
0.3395
0.3351
0.3286
0.3375
0.3453
0.3515
0.3362
0.3586
0.2638
0.2775
0.4616
0.2992
0.294
0.286
0.2801
0.2738
0.2838
0.2876
0.2958
0.2824
0.3044
0.263
0.2771
0.4638
0.2996
0.2931
0.2862
0.2788
0.2734
0.283
0.2876
0.2971
0.2808
0.3038
0.2618
0.2751
0.4626
0.2964
0.2907
0.2823
0.276
0.2703
0.2783
0.2838
0.2919
0.2771
0.2963
0.3226
0.3371
0.3511
-1
0.3617
0.3553
0.3489
0.3427
0.3417
0.3505
0.3591
0.3434
0.3662
0.2677
0.284
0.3
0.4779
0.3098
0.3039
0.2954
0.2914
0.2878
0.2953
0.3055
0.2904
0.3125
0.2672
0.2847
0.2993
0.4775
0.3102
0.3034
0.2976
0.2914
0.2871
0.2967
0.3042
0.2903
0.3136
0.2671
0.2816
0.2985
0.4775
0.3079
0.3008
0.2941
0.2887
0.2837
0.2933
0.2993
0.2859
0.3087
0.3159
0.3324
0.347
0.3594
-1
0.3697
0.3659
0.3611
0.3579
0.3565
0.3657
0.3543
0.3621
0.2616
0.2772
0.2932
0.3094
0.4949
0.3185
0.3158
0.3097
0.306
0.3018
0.3134
0.2997
0.3095
0.2608
0.2775
0.2944
0.311
0.4928
0.3192
0.3151
0.3072
0.3042
0.3037
0.3134
0.2974
0.3089
0.2591
0.2751
0.2934
0.3061
0.4934
0.3171
0.3114
0.3058
0.3023
0.2986
0.3109
0.2942
0.304
0.3088
0.3251
0.3421
0.3564
0.3706
-1
0.3802
0.3769
0.376
0.3723
0.3715
0.3622
0.376
0.2525
0.2707
0.2858
0.3031
0.3191
0.5086
0.3306
0.3256
0.3238
0.3195
0.3194
0.309
0.3215
0.2524
0.269
0.2867
0.3027
0.3191
0.5089
0.3293
0.3252
0.3234
0.3228
0.3214
0.3091
0.3235
0.25
0.2675
0.2846
0.2996
0.317
0.5084
0.3276
0.3243
0.319
0.3168
0.3175
0.304
0.3166
0.315
0.3189
0.3337
0.3492
0.3678
0.3793
-1
0.3925
0.3918
0.3911
0.3908
0.3697
0.3872
0.26
0.2634
0.279
0.2972
0.3148
0.331
0.525
0.3447
0.3408
0.3405
0.3409
0.3154
0.3342
0.2587
0.2632
0.2807
0.2956
0.3125
0.3303
0.5217
0.3432
0.3416
0.3416
0.3407
0.3166
0.335
0.2584
0.2605
0.2765
0.2949
0.3114
0.3262
0.5209
0.3414
0.3381
0.3373
0.3363
0.312
0.3268
0.3202
0.3234
0.3292
0.3446
0.3618
0.3758
0.3931
-1
0.4055
0.4063
0.4078
0.39
0.394
0.2631
0.2693
0.2745
0.2894
0.3084
0.3252
0.344
0.5398
0.3583
0.3569
0.358
0.3367
0.3431
0.2653
0.2681
0.2741
0.2897
0.31
0.3263
0.3434
0.5384
0.3574
0.3564
0.3584
0.3393
0.3425
0.2616
0.2674
0.2715
0.2886
0.3072
0.3238
0.3406
0.5356
0.3536
0.353
0.353
0.3331
0.3388
0.3255
0.3305
0.3371
0.3426
0.357
0.3744
0.3933
0.4035
-1
0.4194
0.4227
0.4065
0.4154
0.2692
0.277
0.2824
0.2871
0.3055
0.3223
0.3413
0.3557
0.5582
0.3731
0.3736
0.357
0.3652
0.2672
0.2758
0.2823
0.2863
0.3046
0.3235
0.343
0.3574
0.5558
0.3739
0.3738
0.3585
0.3647
0.2665
0.2725
0.2805
0.2855
0.3034
0.3193
0.3388
0.3556
0.5532
0.3687
0.3704
0.3541
0.3606
0.329
0.3367
0.3433
0.351
0.3557
0.3713
0.3901
0.4051
0.4179
-1
0.4287
0.4167
0.4268
0.275
0.2809
0.2891
0.2965
0.3021
0.3217
0.3412
0.3566
0.3746
0.5737
0.3849
0.3702
0.3772
0.2743
0.2818
0.2889
0.2959
0.3033
0.3204
0.3396
0.3575
0.3726
0.5727
0.3835
0.3679
0.3764
0.2725
0.2814
0.2867
0.2961
0.3002
0.3182
0.3366
0.3546
0.3699
0.5689
0.3789
0.3651
0.3726
0.3353
0.3431
0.3508
0.3597
0.367
0.3723
0.3911
0.4067
0.4219
0.4288
-1
0.4271
0.4383
0.2805
0.2883
0.2957
0.3046
0.3129
0.3213
0.3396
0.3578
0.3736
0.3852
0.5937
0.3787
0.3903
0.2816
0.288
0.2979
0.3034
0.3127
0.3214
0.3423
0.3573
0.3753
0.3842
0.5923
0.3795
0.3895
0.2778
0.2873
0.2948
0.3022
0.3118
0.3173
0.3382
0.3549
0.3711
0.3793
0.5893
0.3771
0.3851
0.3193
0.3285
0.3369
0.3432
0.3541
0.3641
0.3689
0.3898
0.4083
0.4155
0.4262
-1
0.415
0.2631
0.2739
0.2813
0.2907
0.2996
0.3089
0.3158
0.3386
0.3586
0.3692
0.3806
0.5769
0.367
0.2641
0.2717
0.2799
0.2897
0.3004
0.3098
0.3161
0.3382
0.359
0.3708
0.3791
0.5734
0.3654
0.2625
0.2709
0.2803
0.2887
0.2963
0.3085
0.3143
0.3358
0.3553
0.3641
0.376
0.5717
0.3613
0.3375
0.3484
0.3571
0.3664
0.3626
0.3761
0.3872
0.3936
0.4151
0.4257
0.4351
0.4154
-1
0.283
0.2943
0.3027
0.3123
0.3099
0.3231
0.3317
0.3436
0.3657
0.377
0.3885
0.3663
0.5937
0.2838
0.294
0.3044
0.3136
0.309
0.3226
0.334
0.3437
0.366
0.3764
0.3903
0.3667
0.5935
0.2815
0.2925
0.3014
0.3118
0.3072
0.3195
0.3318
0.341
0.3624
0.3745
0.3851
0.3626
0.5884
0.4307
0.2558
0.2626
0.2678
0.2603
0.2522
0.2584
0.265
0.268
0.2744
0.2809
0.2632
0.2832
-1
0.3106
0.3169
0.3242
0.3162
0.3098
0.3147
0.3186
0.3232
0.329
0.3345
0.3195
0.3389
0.4324
0.2569
0.2617
0.2666
0.2622
0.2532
0.2595
0.2629
0.2683
0.2737
0.2808
0.264
0.2846
0.432
0.2547
0.2606
0.2657
0.2596
0.2506
0.2559
0.2604
0.2635
0.2713
0.2762
0.2589
0.2787
0.2565
0.4477
0.2769
0.2834
0.2762
0.2703
0.2638
0.2695
0.2761
0.2812
0.2887
0.2735
0.294
0.3129
-1
0.3299
0.3376
0.3318
0.3239
0.3202
0.3253
0.3297
0.3362
0.3426
0.329
0.3484
0.2553
0.4478
0.2767
0.2849
0.2774
0.2701
0.2636
0.2699
0.2757
0.2821
0.2893
0.2732
0.2937
0.2554
0.4459
0.2749
0.2812
0.275
0.2659
0.2604
0.2666
0.2709
0.2772
0.285
0.2683
0.2901
0.2628
0.2782
0.4622
0.298
0.2939
0.2855
0.2788
0.2734
0.2826
0.2885
0.2959
0.2804
0.3015
0.3163
0.3308
-1
0.3512
0.3467
0.3396
0.3345
0.3281
0.3371
0.3433
0.3514
0.3356
0.3573
0.2629
0.2777
0.4624
0.3011
0.2954
0.287
0.28
0.2741
0.283
0.289
0.2964
0.2818
0.3042
0.2612
0.2762
0.4618
0.2964
0.2922
0.2834
0.2758
0.2719
0.2779
0.2851
0.2932
0.2764
0.298
0.2687
0.2844
0.2997
0.4794
0.3094
0.3018
0.2977
0.2913
0.286
0.296
0.3069
0.2896
0.3142
0.3214
0.3359
0.3513
-1
0.362
0.3546
0.3482
0.3461
0.3411
0.349
0.3588
0.345
0.3677
0.2668
0.2831
0.3007
0.48
0.3088
0.3029
0.2966
0.291
0.2879
0.2967
0.3046
0.2896
0.3146
0.2672
0.2821
0.2967
0.4755
0.3068
0.3002
0.2921
0.2859
0.2835
0.2912
0.2998
0.2848
0.3078
0.2608
0.2787
0.2944
0.3093
0.4956
0.3187
0.3138
0.31
0.3053
0.3033
0.3119
0.2999
0.3099
0.3156
0.3314
0.3469
0.3586
-1
0.3691
0.3655
0.3612
0.358
0.3568
0.3666
0.3533
0.3658
0.2615
0.277
0.2939
0.3091
0.4951
0.3186
0.3142
0.3096
0.3058
0.3013
0.3128
0.3008
0.3102
0.26
0.2764
0.2936
0.3071
0.4926
0.3184
0.3111
0.3055
0.3011
0.2991
0.3089
0.2961
0.3041
0.2513
0.2697
0.286
0.3023
0.319
0.5086
0.3312
0.325
0.3246
0.3212
0.3196
0.3111
0.3244
0.3115
0.3242
0.3392
0.3534
0.37
-1
0.3796
0.3768
0.3738
0.3721
0.3732
0.3625
0.3765
0.2526
0.2682
0.2859
0.304
0.3195
0.5093
0.3315
0.3264
0.325
0.3205
0.3202
0.3089
0.3222
0.2511
0.2682
0.2831
0.301
0.3158
0.5078
0.3273
0.3233
0.3192
0.3154
0.3155
0.3054
0.3184
0.2599
0.263
0.2791
0.2963
0.3144
0.3304
0.524
0.343
0.342
0.3404
0.3405
0.3161
0.3346
0.3156
0.3182
0.3338
0.3491
0.3657
0.3794
-1
0.3926
0.3895
0.39
0.3925
0.3707
0.3871
0.2598
0.2615
0.2796
0.2969
0.314
0.3306
0.5241
0.3433
0.3403
0.341
0.3406
0.3163
0.3337
0.2567
0.2618
0.276
0.2947
0.312
0.3286
0.5223
0.3405
0.3377
0.3374
0.3358
0.3118
0.3274
0.264
0.2703
0.274
0.2918
0.3098
0.326
0.3433
0.5382
0.3574
0.3562
0.358
0.3388
0.3418
0.3198
0.3253
0.3291
0.3446
0.3612
0.3761
0.3926
-1
0.4063
0.4071
0.4066
0.3901
0.3946
0.2639
0.2716
0.2754
0.2921
0.3088
0.3264
0.3429
0.539
0.3579
0.3569
0.3584
0.338
0.3421
0.2607
0.2682
0.272
0.2888
0.3073
0.3239
0.3418
0.5377
0.3536
0.3526
0.3536
0.3352
0.3385
0.2697
0.2743
0.2823
0.2869
0.3057
0.324
0.342
0.3568
0.5558
0.3713
0.3747
0.3582
0.3654
0.3221
0.3304
0.3361
0.341
0.3588
0.3727
0.3919
0.406
-1
0.4193
0.4208
0.408
0.4157
0.2685
0.2743
0.2829
0.2882
0.305
0.3234
0.3414
0.3586
0.5557
0.3732
0.3745
0.3603
0.364
0.268
0.2721
0.28
0.285
0.3024
0.3203
0.3381
0.354
0.552
0.3686
0.3712
0.3542
0.3601
0.2744
0.2819
0.2902
0.2964
0.3031
0.3202
0.3416
0.3578
0.374
0.5747
0.3827
0.3697
0.3778
0.3293
0.3368
0.3436
0.3502
0.3571
0.3725
0.3915
0.4051
0.4202
-1
0.4294
0.4157
0.4251
0.2751
0.2815
0.2882
0.2965
0.3038
0.3213
0.3406
0.356
0.3719
0.5723
0.3835
0.3699
0.3763
0.2736
0.2791
0.2861
0.2951
0.3002
0.3179
0.3383
0.3542
0.369
0.5716
0.3812
0.3645
0.372
0.281
0.2892
0.2963
0.3045
0.3158
0.3216
0.3407
0.3587
0.3749
0.3834
0.5942
0.3807
0.3903
0.3352
0.3426
0.3513
0.3581
0.3674
0.3729
0.3902
0.4068
0.4203
0.4312
-1
0.4262
0.438
0.2799
0.2888
0.2967
0.3054
0.3138
0.3193
0.3383
0.3581
0.3764
0.3845
0.5908
0.3819
0.3904
0.2799
0.2858
0.2937
0.3024
0.3108
0.3169
0.3373
0.3547
0.3703
0.3812
0.589
0.3747
0.3841
0.2629
0.2718
0.2811
0.2902
0.3002
0.3089
0.3161
0.3385
0.3595
0.3676
0.3808
0.576
0.3671
0.3202
0.3267
0.3359
0.3448
0.3532
0.3612
0.3701
0.389
0.406
0.4176
0.426
-1
0.4136
0.2643
0.2729
0.2816
0.2889
0.2981
0.3078
0.3183
0.3378
0.3604
0.3677
0.3805
0.5749
0.3666
0.2623
0.2711
0.2795
0.2876
0.2985
0.3067
0.3133
0.3353
0.3582
0.3661
0.3762
0.5724
0.3619
0.2849
0.2936
0.3041
0.3138
0.3106
0.3224
0.3332
0.3437
0.3651
0.3774
0.3892
0.3689
0.5924
0.3382
0.3465
0.3582
0.367
0.3636
0.3751
0.3879
0.3953
0.4157
0.4268
0.4378
0.4138
-1
0.2839
0.2923
0.3029
0.3132
0.3087
0.3242
0.3336
0.3417
0.3659
0.3777
0.39
0.3654
0.5916
0.2815
0.2928
0.3008
0.3102
0.3096
0.3202
0.3308
0.3411
0.3622
0.373
0.3871
0.3635
0.5894
0.432
0.256
0.2618
0.2678
0.2615
0.254
0.2603
0.2645
0.2674
0.2748
0.2799
0.2636
0.2846
0.4325
0.2567
0.2623
0.268
0.2609
0.253
0.2587
0.2652
0.2704
0.274
0.2812
0.2629
0.285
-1
0.3121
0.3167
0.3219
0.3162
0.309
0.3147
0.3179
0.3248
0.3285
0.3344
0.3189
0.3379
0.4312
0.2536
0.2596
0.266
0.2573
0.2501
0.2565
0.2597
0.265
0.2715
0.2772
0.2588
0.2794
0.2558
0.4482
0.279
0.2849
0.2773
0.2711
0.2625
0.2711
0.2763
0.2819
0.2882
0.2735
0.2947
0.2553
0.4477
0.2779
0.2851
0.2778
0.2702
0.2623
0.2717
0.2745
0.2811
0.2886
0.2733
0.2932
0.3114
-1
0.33
0.3375
0.3313
0.3245
0.3179
0.3244
0.3302
0.3376
0.3429
0.327
0.3462
0.2548
0.4456
0.2758
0.2819
0.276
0.2668
0.2594
0.2659
0.2711
0.2774
0.2842
0.2668
0.2886
0.2614
0.2764
0.4644
0.2985
0.2936
0.2866
0.2803
0.2749
0.2822
0.29
0.2978
0.2805
0.3029
0.2624
0.277
0.4619
0.2998
0.2944
0.2859
0.2807
0.2738
0.283
0.2889
0.2957
0.2804
0.303
0.3177
0.3318
-1
0.3507
0.3481
0.3408
0.3343
0.3282
0.3359
0.3442
0.351
0.3353
0.3566
0.2608
0.2754
0.4618
0.295
0.2916
0.2847
0.2766
0.2711
0.2777
0.284
0.292
0.2772
0.2981
0.267
0.2841
0.299
0.4786
0.3111
0.304
0.2969
0.2912
0.2875
0.2962
0.3041
0.291
0.3131
0.267
0.2844
0.2998
0.4789
0.3078
0.3025
0.2977
0.2919
0.2876
0.2963
0.3045
0.2888
0.3134
0.3206
0.3376
0.3528
-1
0.3613
0.3558
0.3496
0.3454
0.3416
0.3521
0.3587
0.3439
0.3677
0.2648
0.2833
0.2965
0.477
0.3076
0.3006
0.2939
0.2884
0.2832
0.2923
0.3016
0.2853
0.3087
0.2601
0.2784
0.2958
0.3103
0.4947
0.3189
0.3146
0.3104
0.3059
0.3034
0.3137
0.2975
0.3112
0.2609
0.2786
0.2944
0.3097
0.4942
0.3185
0.3135
0.3101
0.3049
0.3025
0.3144
0.3013
0.3089
0.3175
0.3319
0.346
0.3617
-1
0.3706
0.3652
0.3605
0.359
0.358
0.3686
0.3551
0.3645
0.2592
0.2767
0.2931
0.3061
0.4931
0.3167
0.3124
0.3054
0.3024
0.2992
0.3089
0.2948
0.3051
0.253
0.271
0.2867
0.3035
0.3186
0.5104
0.3301
0.3256
0.3242
0.3213
0.32
0.3087
0.3225
0.2526
0.2706
0.2858
0.3029
0.3196
0.5088
0.3311
0.3266
0.3224
0.3205
0.3224
0.3098
0.3234
0.3106
0.3256
0.3383
0.3557
0.3699
-1
0.38
0.3753
0.3727
0.3727
0.3718
0.3621
0.3757
0.251
0.2668
0.2841
0.3017
0.3174
0.5072
0.3264
0.3242
0.319
0.3167
0.3167
0.3046
0.3163
0.2585
0.2622
0.282
0.2961
0.3138
0.3289
0.5235
0.3443
0.3412
0.3388
0.3399
0.3163
0.3346
0.2591
0.2623
0.2797
0.2964
0.3141
0.3296
0.525
0.3441
0.3409
0.3401
0.3395
0.3176
0.3337
0.3141
0.3189
0.3335
0.349
0.365
0.3782
-1
0.3933
0.3911
0.39
0.3912
0.3687
0.3843
0.2568
0.2597
0.2773
0.2948
0.3094
0.3283
0.5229
0.3391
0.34
0.3367
0.337
0.3131
0.3281
0.263
0.2699
0.2754
0.2925
0.3084
0.3268
0.3423
0.5393
0.3568
0.3567
0.3575
0.3377
0.3423
0.2628
0.269
0.2741
0.2918
0.3094
0.3272
0.3444
0.5388
0.3569
0.3559
0.3575
0.3377
0.3426
0.3206
0.3241
0.3292
0.345
0.3618
0.3777
0.3934
-1
0.4062
0.4051
0.4079
0.3895
0.3951
0.2623
0.2685
0.2729
0.2884
0.306
0.3247
0.3409
0.5351
0.3536
0.3542
0.3537
0.3343
0.3377
0.2694
0.2767
0.2821
0.2863
0.3051
0.3232
0.3408
0.3595
0.558
0.3729
0.3749
0.3585
0.3646
0.2685
0.2754
0.2827
0.2868
0.305
0.3249
0.3423
0.3572
0.5565
0.3713
0.374
0.3587
0.365
0.3244
0.3317
0.3372
0.3409
0.3574
0.3743
0.3906
0.4061
-1
0.4176
0.4203
0.4086
0.4143
0.2668
0.2736
0.2793
0.2841
0.3028
0.3194
0.339
0.3537
0.5518
0.3688
0.3701
0.355
0.3611
0.2748
0.2806
0.289
0.2975
0.3015
0.3216
0.3409
0.3564
0.372
0.5723
0.3843
0.3697
0.378
0.2752
0.2826
0.2887
0.2976
0.3027
0.3225
0.3405
0.3579
0.3726
0.573
0.3822
0.369
0.3764
0.3282
0.3375
0.3433
0.3503
0.3551
0.3734
0.3897
0.4045
0.4191
-1
0.4294
0.4174
0.4257
0.2742
0.2797
0.2864
0.2943
0.3002
0.3183
0.3376
0.354
0.3709
0.5713
0.3803
0.3663
0.3725
0.2795
0.2894
0.296
0.306
0.314
0.3215
0.3402
0.357
0.3754
0.3832
0.5925
0.3788
0.39
0.2795
0.2877
0.295
0.3044
0.3118
0.3203
0.3387
0.3553
0.3737
0.3842
0.5929
0.3792
0.3898
0.3348
0.3437
0.3515
0.3589
0.3657
0.3736
0.3919
0.4077
0.4204
0.4296
-1
0.4264
0.4367
0.2794
0.2874
0.2941
0.3019
0.3102
0.3161
0.3375
0.3537
0.3713
0.3814
0.5907
0.3758
0.3854
0.266
0.2707
0.2823
0.2913
0.3003
0.3079
0.3179
0.3364
0.3589
0.3682
0.3784
0.5766
0.3658
0.2647
0.2725
0.2811
0.2906
0.3002
0.3085
0.3166
0.3374
0.3599
0.3689
0.3786
0.5746
0.3669
0.3193
0.3271
0.3349
0.3441
0.3548
0.3625
0.3691
0.3892
0.4078
0.4168
0.4262
-1
0.4129
0.2633
0.2704
0.2775
0.2874
0.2964
0.3064
0.3124
0.3346
0.3548
0.3663
0.3769
0.5717
0.362
0.2844
0.2941
0.3038
0.3157
0.3105
0.322
0.3341
0.3431
0.3664
0.3772
0.3902
0.3689
0.5918
0.2824
0.2966
0.3044
0.3129
0.3101
0.3231
0.3333
0.345
0.365
0.3787
0.3885
0.365
0.5898
0.3369
0.3488
0.3573
0.3664
0.3631
0.3775
0.3865
0.3943
0.4158
0.4235
0.4378
0.4149
-1
0.2829
0.2917
0.3005
0.3124
0.3093
0.3187
0.3314
0.3406
0.3602
0.3729
0.3865
0.3613
0.5885
0.4317
0.2537
0.2605
0.267
0.2593
0.2516
0.2583
0.2625
0.2673
0.2725
0.278
0.2618
0.283
0.4315
0.2552
0.261
0.2665
0.2595
0.2505
0.258
0.2628
0.2684
0.2739
0.2801
0.2622
0.2818
0.43
0.2544
0.2612
0.2666
0.2597
0.2516
0.2565
0.2612
0.2673
0.2736
0.2788
0.2624
0.2833
-1
0.2894
0.2939
0.2999
0.2919
0.2855
0.2911
0.2959
0.3007
0.3056
0.3113
0.2981
0.3146
0.2552
0.4457
0.2785
0.2819
0.2751
0.2669
0.2615
0.2687
0.2736
0.2795
0.2881
0.2716
0.2937
0.2537
0.446
0.275
0.2819
0.2743
0.2695
0.2625
0.2675
0.2752
0.2793
0.2871
0.2718
0.2931
0.2545
0.4464
0.2757
0.2823
0.273
0.2692
0.2638
0.2673
0.2743
0.2809
0.2881
0.27
0.2921
0.2889
-1
0.3081
0.3169
0.3095
0.3004
0.2938
0.3014
0.3068
0.3119
0.3186
0.3057
0.3241
0.2607
0.2761
0.4612
0.2976
0.2917
0.2836
0.2781
0.2704
0.2789
0.2869
0.2935
0.2786
0.3011
0.26
0.2761
0.4627
0.2968
0.2921
0.2836
0.2781
0.2712
0.2799
0.2866
0.2962
0.279
0.3018
0.26
0.2748
0.4615
0.2977
0.2926
0.2826
0.2773
0.2725
0.2811
0.2877
0.2938
0.2784
0.3005
0.2942
0.3083
-1
0.3283
0.3249
0.3149
0.3109
0.3038
0.3128
0.3192
0.3245
0.3136
0.3333
0.2659
0.2813
0.297
0.4768
0.308
0.3008
0.2948
0.2892
0.2856
0.2953
0.3024
0.2876
0.3122
0.2654
0.2812
0.2955
0.4764
0.307
0.3004
0.2934
0.2884
0.2852
0.2934
0.3021
0.2889
0.311
0.2649
0.2812
0.298
0.4776
0.307
0.3001
0.295
0.2889
0.2838
0.2937
0.3028
0.289
0.3134
0.2978
0.3142
0.3292
-1
0.339
0.3301
0.3268
0.3209
0.318
0.3258
0.3346
0.3216
0.3419
0.2596
0.2744
0.2915
0.3066
0.4914
0.3161
0.3118
0.3062
0.3023
0.3005
0.3109
0.2965
0.3082
0.2589
0.2758
0.2913
0.3065
0.4913
0.3153
0.3121
0.3056
0.3023
0.299
0.3111
0.2979
0.3062
0.2584
0.2742
0.2919
0.3072
0.4931
0.3166
0.3106
0.3079
0.3019
0.299
0.3117
0.2969
0.307
0.2922
0.3087
0.3239
0.3383
-1
0.3472
0.3412
0.3376
0.3333
0.3325
0.3417
0.3319
0.3375
0.249
0.2674
0.2839
0.3005
0.3163
0.5052
0.3266
0.3227
0.3211
0.3173
0.3179
0.3068
0.32
0.2505
0.2654
0.2834
0.3008
0.3165
0.5063
0.3279
0.3239
0.3207
0.318
0.3172
0.3051
0.3199
0.2503
0.267
0.2823
0.3
0.3164
0.5059
0.3277
0.3238
0.3205
0.3194
0.3184
0.3072
0.3213
0.2845
0.3005
0.3176
0.3313
0.3469
-1
0.3556
0.3538
0.3489
0.3465
0.349
0.3396
0.3516
0.256
0.2601
0.2769
0.2932
0.3103
0.3269
0.5218
0.3413
0.3377
0.3379
0.3377
0.3142
0.3309
0.257
0.2597
0.2773
0.2936
0.3096
0.3266
0.5221
0.3422
0.3401
0.3378
0.3361
0.3135
0.3304
0.2557
0.2593
0.2765
0.2956
0.3112
0.3272
0.522
0.3392
0.3396
0.3379
0.3382
0.3149
0.3309
0.2908
0.2959
0.3104
0.3265
0.3426
0.3554
-1
0.3709
0.3677
0.3655
0.368
0.3461
0.361
0.2597
0.2667
0.2707
0.2876
0.3063
0.3222
0.3409
0.5363
0.3537
0.3523
0.3547
0.335
0.3399
0.2586
0.2665
0.2712
0.2862
0.3062
0.3219
0.3402
0.5367
0.3531
0.3537
0.3548
0.3341
0.3408
0.2593
0.2659
0.2701
0.2875
0.3065
0.322
0.341
0.5365
0.355
0.3533
0.3554
0.3354
0.3394
0.2945
0.3004
0.305
0.32
0.3379
0.3528
0.369
-1
0.3826
0.3824
0.3828
0.3648
0.3699
0.2638
0.2717
0.2781
0.2841
0.3018
0.3181
0.3393
0.3534
0.5544
0.3698
0.3724
0.3553
0.3626
0.2656
0.272
0.2791
0.282
0.3016
0.3206
0.3367
0.3519
0.5507
0.3696
0.3707
0.3545
0.3621
0.2645
0.2716
0.2779
0.2834
0.3026
0.3198
0.3393
0.3536
0.5522
0.3697
0.3719
0.3552
0.3612
0.2992
0.3061
0.3121
0.3164
0.3353
0.3503
0.3678
0.3817
-1
0.3971
0.4004
0.384
0.3884
0.2703
0.2772
0.2868
0.2931
0.2999
0.3166
0.3354
0.3522
0.3672
0.5698
0.3807
0.3658
0.3743
0.2709
0.278
0.2862
0.2925
0.2971
0.3168
0.3376
0.3524
0.3693
0.5695
0.3788
0.3663
0.3739
0.2713
0.2775
0.2828
0.2918
0.2986
0.3189
0.3362
0.3526
0.37
0.5715
0.3804
0.3639
0.3739
0.306
0.3127
0.3181
0.3254
0.332
0.3499
0.3644
0.3825
0.3956
-1
0.4067
0.3943
0.4026
0.2766
0.2848
0.293
0.3013
0.3091
0.3172
0.3348
0.3534
0.3707
0.3809
0.5907
0.3768
0.3854
0.2761
0.2834
0.2918
0.3013
0.3106
0.3151
0.3364
0.3522
0.3705
0.3804
0.5905
0.376
0.3855
0.2762
0.2846
0.2922
0.3019
0.3068
0.3157
0.3356
0.3538
0.3714
0.3804
0.5895
0.3747
0.3863
0.3115
0.3196
0.3262
0.3349
0.3414
0.3492
0.3672
0.3831
0.3986
0.4064
-1
0.4045
0.4108
0.2591
0.2664
0.2755
0.2857
0.295
0.3044
0.311
0.3328
0.3541
0.3655
0.3755
0.5722
0.3627
0.2588
0.2676
0.2754
0.2845
0.2939
0.3044
0.313
0.3322
0.3525
0.3654
0.3753
0.574
0.362
0.2592
0.2675
0.2752
0.2854
0.2953
0.3043
0.3126
0.3362
0.3553
0.3646
0.3771
0.5716
0.3616
0.2971
0.3051
0.3124
0.3216
0.3289
0.3388
0.3459
0.3653
0.3852
0.3953
0.4043
-1
0.3926
0.2799
0.2875
0.2978
0.3079
0.3046
0.3184
0.3287
0.3374
0.3606
0.3719
0.3844
0.3611
0.5896
0.2788
0.2903
0.2992
0.3084
0.3057
0.3175
0.3288
0.3385
0.3586
0.3728
0.3851
0.3613
0.5883
0.278
0.2895
0.2975
0.3091
0.3043
0.3172
0.3289
0.3366
0.3599
0.373
0.3852
0.3616
0.5893
0.3143
0.3242
0.3332
0.3422
0.3388
0.3513
0.3608
0.3699
0.3902
0.4024
0.4119
0.3933
-1
