-1
0.1746
0.1806
0.1814
0.177
0.1721
0.174
0.1771
0.1773
0.1806
0.1806
0.1673
0.1764
0.2763
0.1178
0.123
0.126
0.1214
0.1144
0.1174
0.1187
0.1213
0.1232
0.1245
0.1088
0.1182
0.2756
0.1174
0.1241
0.1261
0.1203
0.1146
0.1167
0.1189
0.1218
0.1217
0.1247
0.109
0.1175
0.2754
0.1174
0.1229
0.1271
0.1195
0.1144
0.1148
0.1177
0.1194
0.1198
0.1218
0.1048
0.1131
0.1729
-1
0.1892
0.1939
0.1896
0.1831
0.1776
0.1802
0.1827
0.1841
0.1861
0.1726
0.1833
0.1171
0.277
0.1334
0.1385
0.1318
0.1248
0.1193
0.122
0.124
0.1261
0.1271
0.1128
0.1235
0.1183
0.2786
0.1328
0.1378
0.1315
0.1253
0.1201
0.1222
0.1239
0.1257
0.1273
0.1126
0.1236
0.1178
0.2785
0.1331
0.1377
0.1315
0.1235
0.1188
0.1208
0.1238
0.1246
0.1253
0.1089
0.1187
0.1787
0.188
-1
0.2041
0.2011
0.1948
0.1893
0.1835
0.1878
0.1893
0.1926
0.1794
0.191
0.1232
0.1339
0.281
0.1489
0.145
0.138
0.1307
0.1249
0.1277
0.1289
0.1312
0.1177
0.129
0.1226
0.1324
0.2816
0.1478
0.1456
0.1373
0.1306
0.1254
0.1289
0.1302
0.1312
0.1172
0.1273
0.1235
0.1332
0.2823
0.1484
0.1446
0.1366
0.1302
0.1233
0.1266
0.1274
0.1288
0.1122
0.124
0.1815
0.1938
0.2046
-1
0.2118
0.2066
0.2016
0.1959
0.1911
0.1937
0.1988
0.1838
0.1975
0.1265
0.138
0.1498
0.2863
0.1549
0.1493
0.143
0.1365
0.1312
0.1341
0.135
0.1211
0.1325
0.127
0.1381
0.1494
0.2873
0.156
0.1493
0.1424
0.1367
0.1314
0.1334
0.1363
0.1205
0.1323
0.1262
0.1376
0.1479
0.2855
0.1558
0.15
0.1423
0.1351
0.1288
0.1317
0.1334
0.1164
0.1289
0.1776
0.1892
0.2007
0.2115
-1
0.2153
0.2146
0.209
0.2033
0.1997
0.2023
0.1896
0.1943
0.1201
0.1336
0.1455
0.1552
0.2955
0.1603
0.1569
0.1492
0.1437
0.1379
0.1407
0.1257
0.1286
0.1203
0.1317
0.1452
0.1551
0.2946
0.1607
0.1557
0.1494
0.1441
0.1367
0.1403
0.1252
0.1286
0.1204
0.1315
0.1439
0.1552
0.2954
0.1596
0.1557
0.1484
0.1423
0.1363
0.1388
0.1228
0.124
0.1725
0.182
0.1937
0.2067
0.2147
-1
0.2256
0.221
0.2164
0.2123
0.2076
0.1962
0.2006
0.1147
0.1262
0.1377
0.1503
0.1612
0.3038
0.1685
0.1634
0.1577
0.1502
0.1451
0.1295
0.1326
0.1151
0.1249
0.1384
0.1509
0.1614
0.3053
0.1673
0.1636
0.1574
0.1497
0.1447
0.1301
0.1326
0.1145
0.1245
0.1374
0.1493
0.1603
0.3051
0.1667
0.1618
0.1562
0.1493
0.142
0.1278
0.1289
0.1741
0.1775
0.1878
0.2006
0.2133
0.2241
-1
0.2323
0.2307
0.2258
0.2223
0.2012
0.2067
0.1162
0.1198
0.1304
0.1434
0.1558
0.1678
0.314
0.1767
0.1715
0.1656
0.1586
0.1347
0.1391
0.1167
0.1204
0.1301
0.1432
0.1551
0.1674
0.3146
0.1766
0.172
0.1644
0.1583
0.1347
0.1384
0.1162
0.1209
0.1302
0.1436
0.1554
0.1686
0.3136
0.1748
0.1717
0.1622
0.1569
0.1317
0.1343
0.1773
0.1795
0.1838
0.1956
0.209
0.2201
0.2324
-1
0.2425
0.2374
0.2342
0.214
0.2118
0.1177
0.1214
0.1242
0.1367
0.149
0.1622
0.176
0.3227
0.1846
0.1772
0.1709
0.1489
0.1443
0.1184
0.1219
0.1257
0.1371
0.1497
0.1625
0.1765
0.324
0.1858
0.1778
0.1714
0.1495
0.1442
0.1193
0.1207
0.1251
0.1359
0.1496
0.1617
0.1748
0.3242
0.1835
0.1773
0.1692
0.1462
0.1395
0.1779
0.1829
0.1879
0.1924
0.2037
0.2169
0.23
0.2417
-1
0.2502
0.2471
0.2308
0.2272
0.1209
0.125
0.1277
0.131
0.1446
0.1562
0.1722
0.1867
0.3357
0.1931
0.1856
0.1666
0.1597
0.1217
0.1241
0.1284
0.1307
0.1445
0.157
0.1717
0.1842
0.3368
0.192
0.1869
0.1667
0.1621
0.1216
0.1237
0.1276
0.1304
0.1436
0.1562
0.1714
0.1832
0.3353
0.19
0.1844
0.1636
0.1556
0.1799
0.1855
0.1897
0.1954
0.1992
0.2114
0.2245
0.2378
0.2496
-1
0.251
0.2355
0.2342
0.122
0.1269
0.1302
0.1329
0.1386
0.1502
0.1661
0.1796
0.1927
0.3533
0.1924
0.1737
0.1686
0.1233
0.1258
0.1288
0.1332
0.1384
0.1506
0.165
0.1786
0.1923
0.3537
0.1916
0.1731
0.1678
0.1217
0.125
0.1289
0.133
0.1378
0.1494
0.1653
0.177
0.1897
0.3522
0.1894
0.1709
0.1631
0.1834
0.1871
0.1918
0.1965
0.2037
0.208
0.2202
0.2333
0.245
0.2528
-1
0.2439
0.2431
0.1238
0.1272
0.1311
0.1351
0.1418
0.1436
0.1589
0.1731
0.185
0.1933
0.3737
0.1827
0.1781
0.1234
0.1275
0.1322
0.1355
0.142
0.1459
0.1604
0.1707
0.1854
0.1922
0.3732
0.1829
0.1785
0.124
0.1291
0.1303
0.1348
0.1399
0.1438
0.1575
0.1696
0.1844
0.1899
0.3727
0.1792
0.1739
0.1672
0.1727
0.1787
0.1841
0.1895
0.1959
0.1985
0.2133
0.231
0.2356
0.2442
-1
0.2266
0.1089
0.1115
0.1173
0.1198
0.1266
0.1313
0.1348
0.1486
0.1668
0.1738
0.1837
0.3449
0.1632
0.1094
0.1127
0.117
0.1198
0.1257
0.1304
0.1336
0.1495
0.1664
0.1737
0.1838
0.3427
0.1641
0.1082
0.1129
0.1155
0.1207
0.1256
0.1306
0.1329
0.149
0.1656
0.1717
0.1793
0.3424
0.1593
0.1763
0.1839
0.1913
0.1971
0.1933
0.2017
0.2068
0.2113
0.2263
0.2332
0.243
0.227
-1
0.1168
0.1235
0.1291
0.1337
0.129
0.1336
0.1389
0.1434
0.1612
0.168
0.1791
0.1626
0.3616
0.1169
0.124
0.1276
0.1334
0.128
0.1344
0.1399
0.1446
0.1599
0.1678
0.1766
0.165
0.3631
0.117
0.1233
0.1289
0.1324
0.1275
0.1329
0.1382
0.1432
0.1608
0.1671
0.1768
0.1615
0.3573
0.2755
0.1174
0.122
0.1253
0.1205
0.1157
0.1162
0.1179
0.1213
0.1221
0.1235
0.1083
0.1179
-1
0.1748
0.1789
0.184
0.178
0.1715
0.1734
0.1767
0.1792
0.1798
0.1822
0.168
0.1774
0.2751
0.1185
0.1235
0.1249
0.1211
0.1131
0.1175
0.1188
0.1213
0.123
0.1239
0.1084
0.1177
0.275
0.1178
0.1229
0.1262
0.1199
0.1132
0.1157
0.1174
0.1201
0.12
0.1222
0.106
0.1129
0.1189
0.2775
0.1339
0.1381
0.1332
0.1254
0.1203
0.1213
0.1247
0.125
0.1273
0.1129
0.1244
0.1741
-1
0.189
0.1934
0.1885
0.1823
0.1777
0.1802
0.1839
0.1847
0.187
0.1722
0.1843
0.118
0.2786
0.1332
0.1388
0.1321
0.1255
0.1193
0.1213
0.1243
0.1265
0.1285
0.1123
0.124
0.1175
0.2779
0.1325
0.1379
0.1324
0.1244
0.1188
0.1209
0.1227
0.1245
0.1241
0.1096
0.1191
0.1224
0.1328
0.2801
0.1494
0.1447
0.136
0.1304
0.1246
0.1281
0.1296
0.1313
0.1163
0.1293
0.1792
0.188
-1
0.2045
0.2023
0.1934
0.1894
0.1844
0.1872
0.19
0.1925
0.1781
0.1906
0.1221
0.1321
0.2815
0.1491
0.1458
0.1383
0.1303
0.1254
0.1282
0.1299
0.1311
0.1175
0.1283
0.1221
0.1327
0.2827
0.1477
0.1444
0.1374
0.1295
0.1232
0.1269
0.1265
0.1298
0.113
0.1238
0.1254
0.1384
0.1482
0.2834
0.1553
0.1497
0.143
0.1364
0.1318
0.1338
0.1352
0.1206
0.1332
0.1826
0.1946
0.2046
-1
0.2103
0.2055
0.2016
0.1955
0.1919
0.1949
0.1979
0.1841
0.197
0.1257
0.1375
0.1494
0.2849
0.1559
0.1502
0.1433
0.1365
0.1332
0.1332
0.1352
0.1206
0.1342
0.1263
0.1377
0.1486
0.2847
0.1556
0.1502
0.1419
0.1351
0.1299
0.1321
0.1323
0.1177
0.1286
0.1199
0.1319
0.144
0.1548
0.2948
0.1624
0.157
0.1496
0.1439
0.1378
0.1406
0.1268
0.1297
0.1767
0.1886
0.2009
0.2102
-1
0.2173
0.2131
0.2079
0.2035
0.2008
0.2034
0.1906
0.1931
0.1217
0.133
0.1452
0.1563
0.295
0.161
0.1569
0.1504
0.1436
0.1375
0.1406
0.1251
0.1283
0.1213
0.1328
0.1451
0.1558
0.2943
0.16
0.1559
0.1495
0.1417
0.1366
0.1386
0.1226
0.1234
0.1147
0.1248
0.1372
0.15
0.1614
0.3052
0.1678
0.162
0.157
0.1497
0.1437
0.1297
0.1334
0.172
0.1815
0.1944
0.2061
0.2164
-1
0.2242
0.2196
0.216
0.2108
0.2086
0.195
0.2014
0.1142
0.1244
0.1378
0.15
0.1606
0.3054
0.1682
0.163
0.1568
0.1506
0.1448
0.1309
0.1347
0.1144
0.1256
0.1374
0.1494
0.1594
0.3043
0.1679
0.1611
0.155
0.149
0.1439
0.1266
0.1289
0.117
0.12
0.1297
0.1435
0.1557
0.1675
0.3139
0.1765
0.1722
0.1657
0.1588
0.1338
0.1389
0.1744
0.1775
0.1893
0.2005
0.2148
0.2234
-1
0.2324
0.2304
0.2248
0.2212
0.2007
0.2061
0.118
0.1186
0.1311
0.144
0.1554
0.1677
0.3147
0.1767
0.1731
0.1658
0.1577
0.1344
0.1389
0.1164
0.1206
0.1297
0.1429
0.157
0.1676
0.3141
0.175
0.17
0.1627
0.1563
0.1312
0.134
0.1198
0.1211
0.1259
0.1365
0.15
0.1623
0.1763
0.3239
0.1853
0.1788
0.172
0.1495
0.1442
0.1755
0.1806
0.1849
0.195
0.2072
0.2197
0.2324
-1
0.2411
0.2376
0.2327
0.2148
0.2109
0.1193
0.1225
0.124
0.1366
0.1497
0.162
0.1764
0.3213
0.1848
0.1781
0.1722
0.1497
0.144
0.1189
0.1231
0.1249
0.1347
0.1496
0.1614
0.1763
0.3243
0.1832
0.1756
0.1691
0.1458
0.1404
0.1209
0.124
0.1275
0.1312
0.1443
0.1557
0.1731
0.1866
0.3373
0.1927
0.1862
0.1662
0.1608
0.1791
0.1831
0.1884
0.192
0.2031
0.2156
0.2311
0.24
-1
0.2498
0.2461
0.2294
0.2278
0.1214
0.1248
0.1278
0.132
0.1433
0.1566
0.1727
0.1851
0.3369
0.1919
0.1855
0.1669
0.1601
0.1224
0.1251
0.1279
0.1322
0.1445
0.1564
0.1705
0.1844
0.3373
0.19
0.1826
0.1631
0.1555
0.1222
0.125
0.1295
0.1335
0.1377
0.1496
0.1666
0.1777
0.1921
0.3532
0.1921
0.1733
0.168
0.1806
0.1854
0.1892
0.1951
0.2002
0.2136
0.2269
0.2368
0.25
-1
0.2501
0.2357
0.2341
0.1221
0.1271
0.1301
0.1331
0.1372
0.1505
0.1654
0.1781
0.1924
0.3532
0.1923
0.1742
0.1676
0.1217
0.1251
0.1287
0.1323
0.1374
0.1498
0.1641
0.1769
0.1908
0.3517
0.1906
0.1708
0.1624
0.1235
0.1274
0.1313
0.136
0.1398
0.1458
0.1593
0.1718
0.1852
0.1918
0.374
0.1835
0.1798
0.1808
0.1876
0.1923
0.1963
0.2029
0.2082
0.2211
0.2325
0.2456
0.2508
-1
0.2441
0.2439
0.1237
0.1282
0.1316
0.1349
0.1409
0.1447
0.1578
0.1715
0.1867
0.1912
0.3761
0.183
0.1783
0.1244
0.1276
0.1304
0.1358
0.1389
0.1434
0.1578
0.1696
0.1843
0.1907
0.3715
0.1794
0.1737
0.1091
0.1128
0.1167
0.1199
0.1249
0.1297
0.1347
0.1496
0.1671
0.1735
0.1831
0.3438
0.1638
0.1677
0.1723
0.1788
0.1839
0.1899
0.1949
0.1995
0.2156
0.2294
0.2361
0.2437
-1
0.2272
0.1093
0.1126
0.1159
0.1205
0.1258
0.1307
0.1343
0.1498
0.1668
0.1742
0.1831
0.3429
0.164
0.1089
0.1133
0.1173
0.1202
0.1259
0.1296
0.134
0.1489
0.1651
0.1712
0.1796
0.3418
0.1594
0.1182
0.1234
0.129
0.1337
0.1289
0.1334
0.1399
0.1431
0.1605
0.1687
0.18
0.1649
0.3613
0.1754
0.1843
0.1902
0.1975
0.1939
0.2015
0.2071
0.2112
0.2267
0.2328
0.2439
0.2279
-1
0.1185
0.1237
0.1292
0.1331
0.128
0.1345
0.1395
0.1449
0.1612
0.1678
0.1786
0.1632
0.3605
0.1175
0.1224
0.1289
0.1332
0.1281
0.1326
0.1386
0.1422
0.1591
0.1661
0.1769
0.161
0.3563
0.2747
0.118
0.1232
0.125
0.1207
0.1138
0.1167
0.1205
0.1202
0.1234
0.1242
0.1093
0.1173
0.2737
0.1175
0.1225
0.1272
0.1202
0.1152
0.1161
0.1178
0.1211
0.1224
0.1241
0.1089
0.1177
-1
0.1741
0.1795
0.1817
0.1773
0.1714
0.1741
0.1749
0.1788
0.1821
0.181
0.1662
0.176
0.2752
0.1185
0.1221
0.1257
0.1186
0.1142
0.1156
0.1168
0.12
0.1204
0.1227
0.1062
0.1132
0.119
0.2787
0.133
0.1391
0.1333
0.1252
0.1204
0.1228
0.1236
0.1264
0.1284
0.1138
0.1234
0.1174
0.2757
0.134
0.1393
0.1323
0.1252
0.1199
0.1221
0.1245
0.1256
0.128
0.1124
0.1238
0.174
-1
0.1892
0.1923
0.1888
0.1821
0.1772
0.1805
0.1827
0.1849
0.1879
0.1714
0.1843
0.1176
0.277
0.133
0.138
0.1324
0.1252
0.1176
0.1209
0.1228
0.123
0.126
0.1094
0.1195
0.1227
0.1326
0.2809
0.1481
0.1447
0.1374
0.1311
0.1259
0.1272
0.13
0.1312
0.1168
0.1283
0.1232
0.1328
0.2823
0.1497
0.1452
0.1376
0.1304
0.1243
0.1277
0.1302
0.1304
0.116
0.1275
0.1801
0.1883
-1
0.2035
0.2009
0.1948
0.188
0.1839
0.1875
0.1905
0.1915
0.178
0.1914
0.1234
0.1335
0.2825
0.1478
0.1452
0.1362
0.1297
0.1245
0.1259
0.1284
0.1285
0.1145
0.1242
0.1258
0.1373
0.1487
0.2844
0.1553
0.149
0.1427
0.1371
0.1322
0.1337
0.1351
0.1206
0.1331
0.1263
0.1382
0.1481
0.2853
0.1563
0.1488
0.1429
0.1359
0.1305
0.1343
0.136
0.1208
0.1329
0.1817
0.1934
0.2036
-1
0.2107
0.2053
0.2016
0.194
0.1922
0.1958
0.1971
0.1839
0.1971
0.1268
0.139
0.1487
0.286
0.1562
0.1482
0.1426
0.1351
0.1296
0.1318
0.1332
0.1169
0.129
0.1198
0.1322
0.1439
0.156
0.2953
0.1605
0.1567
0.149
0.1432
0.1377
0.1399
0.1268
0.1278
0.1199
0.1328
0.1465
0.1569
0.294
0.1606
0.1561
0.1509
0.1432
0.138
0.1418
0.1261
0.128
0.1774
0.1881
0.1997
0.2091
-1
0.2167
0.2121
0.2079
0.2043
0.1999
0.2039
0.1897
0.194
0.1206
0.1318
0.1439
0.1547
0.2949
0.1602
0.1549
0.148
0.142
0.1355
0.1377
0.1233
0.1234
0.1146
0.1242
0.1376
0.1502
0.1616
0.3047
0.1685
0.1624
0.157
0.1507
0.1441
0.1305
0.1336
0.1147
0.1263
0.1374
0.1508
0.1619
0.3047
0.1675
0.1634
0.1574
0.1506
0.1452
0.1304
0.1333
0.1725
0.1825
0.1937
0.206
0.2153
-1
0.2241
0.2198
0.2173
0.2115
0.208
0.1941
0.2012
0.115
0.1248
0.1375
0.1483
0.1606
0.3051
0.1677
0.1611
0.1548
0.1487
0.1423
0.1278
0.1283
0.1167
0.1196
0.1316
0.1419
0.1558
0.1666
0.3145
0.1759
0.1717
0.1657
0.1591
0.1346
0.1382
0.1173
0.1191
0.1305
0.1427
0.1563
0.1678
0.3132
0.1756
0.1722
0.166
0.1597
0.134
0.1387
0.1741
0.1783
0.1886
0.2018
0.2128
0.224
-1
0.2322
0.2292
0.224
0.2225
0.1998
0.206
0.1159
0.119
0.129
0.1437
0.1562
0.1673
0.3128
0.1743
0.1702
0.1626
0.1557
0.1313
0.1351
0.1192
0.1229
0.1251
0.1365
0.1496
0.1629
0.1766
0.3254
0.1849
0.1775
0.1727
0.1496
0.1438
0.1191
0.1213
0.1256
0.137
0.1491
0.1621
0.1766
0.3246
0.1844
0.1779
0.1728
0.1505
0.1437
0.1772
0.1802
0.1835
0.195
0.2083
0.2195
0.2334
-1
0.2407
0.2379
0.2336
0.2144
0.2113
0.1183
0.121
0.1245
0.1359
0.1481
0.1625
0.1744
0.3227
0.1826
0.1764
0.1693
0.1457
0.1391
0.1216
0.125
0.1283
0.1319
0.1436
0.1564
0.1718
0.1847
0.3373
0.1917
0.186
0.1662
0.1607
0.122
0.124
0.1277
0.1309
0.1434
0.158
0.1722
0.1843
0.3377
0.1915
0.1864
0.1667
0.1596
0.1803
0.1828
0.1873
0.1917
0.2023
0.2162
0.2301
0.2396
-1
0.2494
0.2458
0.2303
0.2275
0.1217
0.1239
0.1269
0.1318
0.143
0.156
0.1709
0.1834
0.3358
0.1897
0.1841
0.1629
0.1566
0.1223
0.126
0.1287
0.1329
0.1387
0.1498
0.1652
0.1783
0.1919
0.3543
0.1923
0.1731
0.1694
0.1223
0.1265
0.1295
0.133
0.1371
0.1505
0.1658
0.1794
0.1913
0.3558
0.1935
0.1739
0.168
0.1801
0.1842
0.189
0.1952
0.2
0.2123
0.2246
0.2369
0.2485
-1
0.2524
0.2349
0.2345
0.1222
0.1259
0.1289
0.1325
0.1372
0.1495
0.1645
0.1763
0.1908
0.352
0.1891
0.1701
0.1621
0.1234
0.1279
0.1308
0.1364
0.1407
0.1463
0.1584
0.1727
0.1868
0.1932
0.3747
0.1827
0.1784
0.124
0.1271
0.1316
0.136
0.141
0.1447
0.1592
0.1726
0.1861
0.1926
0.3749
0.1816
0.1794
0.1821
0.1878
0.1924
0.1977
0.2044
0.207
0.2229
0.2328
0.2467
0.2515
-1
0.2432
0.2444
0.1233
0.1273
0.1314
0.1347
0.1405
0.1437
0.1568
0.1701
0.1842
0.1904
0.3724
0.1791
0.1746
0.1085
0.112
0.116
0.1205
0.1244
0.1306
0.134
0.1492
0.1661
0.1722
0.181
0.3433
0.1643
0.1087
0.1123
0.1167
0.1211
0.1255
0.1292
0.1333
0.15
0.1656
0.174
0.1834
0.3427
0.1646
0.1667
0.1733
0.1785
0.183
0.1902
0.1951
0.2012
0.2134
0.2303
0.2368
0.2436
-1
0.2291
0.1085
0.1118
0.1166
0.1206
0.1249
0.1302
0.1333
0.1487
0.1646
0.173
0.1803
0.3421
0.1597
0.1173
0.1235
0.128
0.1344
0.1281
0.1336
0.1385
0.144
0.161
0.1703
0.1796
0.1638
0.3626
0.1185
0.1233
0.1291
0.134
0.1282
0.1339
0.1387
0.1426
0.159
0.1686
0.1789
0.1637
0.3618
0.1755
0.183
0.1917
0.1979
0.1939
0.201
0.2091
0.2114
0.2265
0.2339
0.2432
0.2273
-1
0.1185
0.1235
0.1288
0.1333
0.1295
0.1339
0.1368
0.1438
0.1595
0.1667
0.1757
0.1611
0.3554
0.2765
0.1187
0.1232
0.1265
0.12
0.1144
0.1164
0.1182
0.1215
0.1231
0.1233
0.1103
0.1185
0.2751
0.1188
0.1234
0.1262
0.1209
0.1137
0.1173
0.1186
0.1197
0.1246
0.1238
0.1086
0.1173
0.2768
0.1181
0.1236
0.1266
0.1216
0.115
0.117
0.1192
0.1207
0.1232
0.1252
0.1084
0.1176
-1
0.157
0.1616
0.1649
0.1585
0.1547
0.1546
0.1575
0.1595
0.16
0.1613
0.1467
0.1554
0.119
0.2771
0.1313
0.1375
0.1325
0.1257
0.1197
0.1225
0.1244
0.1255
0.1276
0.1125
0.1241
0.1171
0.2791
0.1327
0.1378
0.1319
0.1251
0.1195
0.1218
0.1238
0.1261
0.1273
0.1136
0.122
0.1186
0.2789
0.1336
0.1372
0.1328
0.1252
0.1201
0.1222
0.1238
0.1262
0.127
0.113
0.1246
0.1569
-1
0.1703
0.1763
0.1705
0.163
0.1584
0.1609
0.1633
0.1647
0.1666
0.1529
0.1607
0.1233
0.1317
0.2826
0.1484
0.1432
0.1376
0.1295
0.1251
0.1277
0.13
0.1324
0.1158
0.128
0.1224
0.1331
0.2805
0.1486
0.1445
0.1387
0.1309
0.1242
0.1273
0.1303
0.1318
0.116
0.1288
0.123
0.1336
0.2831
0.1485
0.1448
0.1374
0.1303
0.1253
0.1273
0.1287
0.1317
0.1177
0.1283
0.1607
0.1706
-1
0.1855
0.1823
0.1746
0.1697
0.1643
0.1671
0.1684
0.1704
0.1557
0.1664
0.1254
0.1375
0.1491
0.2853
0.1546
0.151
0.1432
0.135
0.1308
0.1333
0.1358
0.1194
0.1324
0.1249
0.1378
0.1492
0.2851
0.1552
0.1495
0.1429
0.1367
0.1295
0.1328
0.135
0.1204
0.133
0.1269
0.1383
0.1476
0.2857
0.1555
0.1496
0.142
0.1362
0.1305
0.1335
0.136
0.121
0.1329
0.1637
0.1762
0.1855
-1
0.1916
0.1874
0.1822
0.1745
0.171
0.1728
0.174
0.1626
0.1719
0.1195
0.1328
0.1444
0.1542
0.2936
0.1605
0.1551
0.1499
0.143
0.1369
0.1387
0.1252
0.1281
0.1198
0.1316
0.144
0.1545
0.2948
0.1596
0.1563
0.1498
0.1433
0.1373
0.1407
0.1255
0.1285
0.1196
0.132
0.1444
0.1561
0.2951
0.1596
0.1556
0.1485
0.1436
0.1373
0.1408
0.1251
0.1282
0.1583
0.1703
0.1824
0.1919
-1
0.1977
0.1928
0.1877
0.1825
0.1763
0.1802
0.1662
0.1668
0.1139
0.1253
0.1364
0.1494
0.1611
0.3038
0.1675
0.1627
0.1554
0.1493
0.1443
0.1295
0.1343
0.1133
0.1245
0.1372
0.1495
0.1601
0.3047
0.1656
0.1621
0.1565
0.1502
0.1455
0.1295
0.1335
0.1133
0.1234
0.1368
0.1486
0.1599
0.3032
0.1678
0.1623
0.1558
0.1501
0.1449
0.1302
0.1322
0.1537
0.1632
0.1747
0.1886
0.1977
-1
0.2045
0.1993
0.1946
0.1892
0.1845
0.1706
0.1715
0.1159
0.1185
0.1297
0.1423
0.1552
0.1659
0.3125
0.1746
0.1709
0.1642
0.1587
0.1335
0.1374
0.1157
0.1184
0.1299
0.1421
0.1559
0.1661
0.3132
0.1755
0.1719
0.1644
0.1584
0.1336
0.1386
0.116
0.1182
0.1308
0.1417
0.1564
0.167
0.3138
0.1765
0.1712
0.1643
0.1581
0.1337
0.1382
0.1546
0.1585
0.1685
0.1811
0.1925
0.2028
-1
0.2111
0.208
0.202
0.1971
0.1758
0.178
0.1178
0.1194
0.1234
0.1346
0.1494
0.1612
0.1755
0.3235
0.1837
0.1769
0.171
0.1487
0.1429
0.1164
0.121
0.1236
0.1351
0.1488
0.1604
0.1746
0.3234
0.1839
0.1776
0.1689
0.1491
0.1439
0.1179
0.12
0.1239
0.1351
0.1487
0.1614
0.1758
0.3232
0.1838
0.1765
0.1706
0.1487
0.142
0.1571
0.1604
0.163
0.1739
0.187
0.2003
0.2121
-1
0.2195
0.2141
0.2094
0.1888
0.1823
0.1195
0.1225
0.1258
0.1289
0.1424
0.1558
0.17
0.1842
0.3342
0.1904
0.1852
0.1652
0.1587
0.1202
0.1232
0.1261
0.1307
0.1428
0.1555
0.1692
0.1825
0.335
0.192
0.1841
0.1652
0.159
0.119
0.1236
0.1268
0.1302
0.1414
0.1565
0.171
0.1838
0.3353
0.1919
0.185
0.1652
0.1604
0.1593
0.1636
0.1658
0.1717
0.1824
0.1953
0.2075
0.2202
-1
0.2273
0.2217
0.2045
0.1978
0.1204
0.1246
0.1284
0.1319
0.1357
0.1482
0.1623
0.1763
0.1898
0.3521
0.1905
0.1724
0.1662
0.1208
0.124
0.1276
0.1308
0.1359
0.1472
0.163
0.1765
0.1902
0.3534
0.1909
0.1717
0.1668
0.1197
0.1244
0.1276
0.1316
0.1352
0.1484
0.1639
0.1768
0.1889
0.3526
0.1905
0.1712
0.1668
0.1613
0.1633
0.1699
0.1726
0.1772
0.1882
0.2024
0.2138
0.2256
-1
0.2281
0.2093
0.2043
0.1202
0.1256
0.1281
0.1337
0.1379
0.1424
0.1553
0.1683
0.1837
0.1903
0.371
0.1803
0.1753
0.1221
0.1257
0.1289
0.1329
0.1374
0.1427
0.1563
0.1698
0.1845
0.1903
0.3723
0.1803
0.1759
0.1226
0.1242
0.1284
0.1328
0.1384
0.1425
0.1562
0.1694
0.1834
0.1907
0.3728
0.1797
0.178
0.1615
0.1658
0.17
0.1759
0.1814
0.1856
0.1985
0.2087
0.2205
0.2271
-1
0.2195
0.2125
0.1067
0.1098
0.1132
0.1173
0.1224
0.1266
0.1306
0.1458
0.1639
0.1704
0.1802
0.3413
0.1605
0.1061
0.1093
0.1125
0.1159
0.1221
0.1272
0.132
0.1462
0.1632
0.1703
0.1786
0.341
0.1605
0.1058
0.1098
0.113
0.1166
0.1227
0.1262
0.1313
0.1455
0.1639
0.1707
0.1797
0.3414
0.1617
0.1481
0.1522
0.1561
0.1621
0.1662
0.1712
0.1741
0.188
0.2031
0.2109
0.2159
-1
0.1983
0.1128
0.1188
0.1243
0.1287
0.1231
0.1288
0.1344
0.1393
0.1555
0.1627
0.1731
0.1587
0.3587
0.1128
0.1189
0.1236
0.1284
0.1227
0.1292
0.134
0.1383
0.1562
0.1649
0.1745
0.16
0.357
0.1131
0.1194
0.1243
0.1285
0.1233
0.129
0.1332
0.1391
0.1552
0.1634
0.1748
0.159
0.3569
0.1546
0.1611
0.1671
0.1709
0.1669
0.1737
0.1767
0.1798
0.1964
0.2042
0.2128
0.1985
-1
