-1
0.4514
0.4553
0.4644
0.4616
0.4583
0.4727
0.4812
0.4928
0.5004
0.5118
0.501
0.5227
0.6046
0.4045
0.41
0.4166
0.417
0.4125
0.4267
0.4365
0.4467
0.4587
0.4718
0.4605
0.486
0.6047
0.405
0.4116
0.4189
0.4147
0.4131
0.427
0.4379
0.4479
0.4586
0.4719
0.4607
0.4848
0.6037
0.403
0.4074
0.4145
0.4151
0.4087
0.4227
0.4339
0.4453
0.4551
0.4694
0.4572
0.4809
0.4498
-1
0.4716
0.4779
0.4775
0.4726
0.4747
0.4864
0.4985
0.5103
0.5199
0.5094
0.5349
0.4039
0.6204
0.425
0.4349
0.4334
0.4305
0.4304
0.4437
0.4555
0.4673
0.4792
0.4701
0.495
0.4018
0.6217
0.4268
0.4348
0.4329
0.4289
0.4302
0.445
0.4558
0.4669
0.481
0.4675
0.4942
0.4019
0.6186
0.4231
0.4333
0.4312
0.4282
0.4267
0.4405
0.4521
0.4641
0.4755
0.4653
0.4901
0.4562
0.4714
-1
0.4925
0.4914
0.4892
0.4894
0.4906
0.5045
0.5174
0.5278
0.5191
0.5434
0.4116
0.4249
0.6379
0.4504
0.4492
0.4483
0.4463
0.4482
0.4647
0.4754
0.4877
0.4757
0.506
0.4106
0.4261
0.6383
0.4492
0.4485
0.4454
0.4466
0.4495
0.4625
0.475
0.4878
0.4788
0.5026
0.4061
0.4234
0.637
0.4479
0.4464
0.4435
0.4446
0.4454
0.4588
0.4713
0.4846
0.4738
0.4998
0.4633
0.4792
0.4946
-1
0.507
0.5054
0.5059
0.5067
0.5106
0.5247
0.5369
0.5271
0.5536
0.418
0.4349
0.4499
0.6551
0.4652
0.4628
0.4642
0.4645
0.4693
0.4856
0.4977
0.4886
0.5169
0.4177
0.4338
0.4499
0.6525
0.466
0.4625
0.4623
0.4653
0.4687
0.4847
0.4983
0.4884
0.5161
0.4144
0.4319
0.4466
0.6531
0.4614
0.461
0.4604
0.4631
0.4651
0.4806
0.4944
0.4856
0.5105
0.4617
0.4767
0.4909
0.506
-1
0.5178
0.5207
0.5251
0.526
0.5305
0.5473
0.5402
0.5517
0.4153
0.432
0.4495
0.4648
0.6681
0.4798
0.4806
0.4846
0.4873
0.4915
0.5076
0.5001
0.5143
0.4151
0.4331
0.4491
0.4661
0.6675
0.4807
0.4817
0.4836
0.4882
0.4918
0.5082
0.4997
0.512
0.4133
0.4316
0.4469
0.4604
0.667
0.4774
0.4794
0.4808
0.4843
0.487
0.5036
0.4955
0.5113
0.459
0.4745
0.4884
0.5062
0.5217
-1
0.5335
0.5393
0.5441
0.5469
0.5545
0.5487
0.5647
0.4134
0.4307
0.4486
0.4627
0.4799
0.6809
0.4972
0.4996
0.5042
0.508
0.5158
0.5114
0.5279
0.414
0.4309
0.4463
0.4632
0.4804
0.6815
0.4974
0.501
0.5059
0.5111
0.516
0.5124
0.5311
0.4107
0.4279
0.4424
0.4612
0.4771
0.6791
0.494
0.4974
0.5003
0.5054
0.5125
0.5071
0.526
0.4713
0.4734
0.4912
0.5066
0.5203
0.5355
-1
0.5526
0.5583
0.563
0.5701
0.5565
0.5775
0.4281
0.4307
0.4465
0.4646
0.4813
0.4965
0.6934
0.516
0.5198
0.5268
0.5343
0.5207
0.5413
0.4259
0.43
0.4486
0.4642
0.4811
0.4966
0.6936
0.5159
0.5221
0.5287
0.5357
0.5196
0.5395
0.425
0.426
0.4441
0.4622
0.4779
0.4932
0.6907
0.5133
0.5175
0.525
0.5318
0.5149
0.5386
0.4807
0.4868
0.4909
0.507
0.5227
0.5388
0.5527
-1
0.5705
0.578
0.5835
0.5757
0.5867
0.4358
0.4466
0.4469
0.4679
0.4828
0.5009
0.5158
0.7041
0.5357
0.5425
0.5503
0.5406
0.5513
0.4384
0.4429
0.448
0.4658
0.4832
0.4997
0.5159
0.7059
0.5339
0.5418
0.5518
0.5407
0.5506
0.4352
0.4419
0.4444
0.4629
0.4807
0.4964
0.5121
0.7037
0.5309
0.5379
0.5477
0.5369
0.5461
0.4912
0.4996
0.506
0.5088
0.5275
0.5429
0.5579
0.5701
-1
0.5862
0.598
0.5902
0.6012
0.4491
0.4547
0.4629
0.4699
0.4848
0.5056
0.5224
0.536
0.7184
0.5555
0.5659
0.5586
0.5705
0.4483
0.4553
0.4635
0.4702
0.486
0.5054
0.521
0.5339
0.7172
0.5549
0.5641
0.5575
0.5715
0.4463
0.4521
0.4591
0.4662
0.4853
0.4996
0.5198
0.5333
0.7159
0.552
0.5624
0.5544
0.5677
0.5006
0.5078
0.5157
0.5238
0.5308
0.5477
0.5642
0.576
0.5886
-1
0.6055
0.6005
0.6143
0.4601
0.4679
0.4743
0.4836
0.4901
0.5082
0.529
0.5434
0.5555
0.7298
0.5738
0.5673
0.5834
0.4591
0.4678
0.4752
0.4851
0.492
0.5101
0.5295
0.543
0.5555
0.7305
0.5728
0.5674
0.5807
0.4571
0.4659
0.4714
0.4807
0.4897
0.5074
0.5245
0.5389
0.5529
0.7281
0.5695
0.5644
0.5783
0.5125
0.5193
0.5288
0.5382
0.5445
0.552
0.5698
0.5838
0.5978
0.6033
-1
0.6059
0.6206
0.4728
0.4803
0.4877
0.4989
0.5075
0.5167
0.5354
0.5515
0.5661
0.5729
0.7447
0.5768
0.5924
0.471
0.48
0.4887
0.4978
0.5067
0.5141
0.5338
0.553
0.5677
0.5737
0.7452
0.5755
0.5914
0.4706
0.4778
0.4841
0.4946
0.5035
0.5123
0.5318
0.5487
0.5605
0.5692
0.7419
0.5718
0.5875
0.5011
0.5098
0.5178
0.5272
0.5389
0.5479
0.5561
0.5758
0.5918
0.5983
0.608
-1
0.6027
0.4587
0.4677
0.4771
0.4888
0.4984
0.5127
0.5199
0.541
0.5586
0.5677
0.5761
0.734
0.5708
0.4614
0.4694
0.4773
0.4908
0.5013
0.5108
0.521
0.5391
0.5586
0.5675
0.5742
0.7358
0.5709
0.4609
0.4658
0.4753
0.4862
0.4965
0.508
0.5166
0.538
0.5538
0.564
0.5725
0.7332
0.5674
0.5257
0.5333
0.5425
0.5563
0.5512
0.5662
0.5767
0.5867
0.6046
0.615
0.6235
0.602
-1
0.4858
0.4953
0.5049
0.516
0.5154
0.5286
0.541
0.5537
0.5701
0.5817
0.5915
0.5711
0.7482
0.4839
0.4945
0.5035
0.5131
0.5141
0.5291
0.5416
0.5522
0.5697
0.5817
0.5914
0.5715
0.7466
0.4835
0.4927
0.5028
0.513
0.511
0.5251
0.5386
0.5484
0.5688
0.5775
0.587
0.5663
0.7435
0.6057
0.405
0.4105
0.4193
0.4168
0.4142
0.427
0.4364
0.4493
0.4585
0.4712
0.4594
0.4851
-1
0.4503
0.4568
0.4647
0.4604
0.4596
0.4699
0.4794
0.4924
0.5012
0.513
0.5005
0.5245
0.6035
0.403
0.4103
0.4187
0.4149
0.4126
0.4273
0.4379
0.4484
0.4603
0.4732
0.4612
0.4843
0.6033
0.4
0.4076
0.4149
0.4125
0.4087
0.4239
0.4345
0.4453
0.4549
0.4676
0.4549
0.4808
0.4039
0.6211
0.4247
0.4346
0.4331
0.4312
0.4305
0.4447
0.4562
0.4679
0.4807
0.4702
0.4958
0.4503
-1
0.4706
0.4778
0.4755
0.4747
0.4736
0.4856
0.499
0.5085
0.5201
0.5089
0.5347
0.4038
0.6212
0.4261
0.4334
0.4341
0.4309
0.4289
0.4437
0.4566
0.4663
0.4793
0.4704
0.494
0.4023
0.6208
0.4258
0.4318
0.4298
0.4267
0.4258
0.4403
0.4517
0.4643
0.4775
0.4638
0.4906
0.4099
0.4263
0.6385
0.4502
0.4496
0.4471
0.4479
0.4486
0.4628
0.4759
0.4871
0.4777
0.5045
0.4559
0.4702
-1
0.4937
0.4911
0.4912
0.4891
0.4903
0.5038
0.5165
0.5271
0.5175
0.5425
0.4107
0.4265
0.6377
0.4509
0.4501
0.4465
0.4477
0.4472
0.4632
0.4744
0.4874
0.4771
0.5061
0.4072
0.4234
0.6367
0.4482
0.4454
0.4425
0.4443
0.4449
0.4579
0.4722
0.484
0.4743
0.4995
0.4163
0.4339
0.449
0.6526
0.465
0.4637
0.4638
0.4668
0.4692
0.4849
0.4983
0.4884
0.5171
0.4631
0.4789
0.4923
-1
0.5044
0.5045
0.5057
0.5061
0.5107
0.525
0.5365
0.5267
0.5545
0.4172
0.4357
0.4507
0.6548
0.4638
0.4623
0.4658
0.4664
0.4693
0.4836
0.4995
0.4889
0.5161
0.4159
0.4334
0.4487
0.6528
0.4643
0.4601
0.4595
0.4619
0.4635
0.4796
0.4943
0.4849
0.511
0.4151
0.4335
0.4486
0.467
0.6681
0.4805
0.4839
0.4854
0.4878
0.4925
0.5093
0.499
0.5126
0.4623
0.4762
0.49
0.5037
-1
0.5197
0.5212
0.5247
0.5269
0.5308
0.5458
0.5367
0.552
0.4149
0.4334
0.4485
0.4633
0.6694
0.4796
0.4819
0.4826
0.49
0.4909
0.5086
0.4993
0.5132
0.4128
0.4287
0.4456
0.4625
0.667
0.476
0.4776
0.4788
0.4816
0.4867
0.5022
0.4953
0.5092
0.414
0.4288
0.4472
0.4632
0.4825
0.6813
0.4961
0.5016
0.5051
0.5104
0.5142
0.5089
0.5273
0.4586
0.4752
0.4894
0.5056
0.5199
-1
0.5337
0.5378
0.5418
0.5458
0.5516
0.5487
0.5639
0.4134
0.4302
0.4469
0.4652
0.4797
0.6808
0.496
0.4995
0.507
0.5099
0.5168
0.5112
0.529
0.4083
0.4272
0.4438
0.4608
0.4763
0.678
0.4911
0.4962
0.5023
0.507
0.5105
0.5052
0.526
0.4268
0.43
0.4483
0.4641
0.482
0.4962
0.6929
0.5176
0.5214
0.5284
0.537
0.5199
0.5423
0.4696
0.4744
0.4887
0.5055
0.5212
0.5346
-1
0.5513
0.5575
0.5649
0.5721
0.5562
0.5777
0.4261
0.4303
0.4467
0.4648
0.482
0.495
0.6942
0.5166
0.5216
0.5268
0.5322
0.5201
0.5405
0.424
0.4273
0.4434
0.4631
0.4776
0.4929
0.6909
0.5114
0.5187
0.5237
0.5312
0.5159
0.5359
0.4375
0.4438
0.4464
0.465
0.4843
0.5002
0.5177
0.7051
0.5349
0.543
0.5496
0.5402
0.5515
0.4818
0.486
0.4923
0.5054
0.5233
0.5374
0.5523
-1
0.5697
0.5779
0.5858
0.576
0.5874
0.4366
0.4456
0.4478
0.4659
0.4828
0.4999
0.5137
0.7067
0.5358
0.5428
0.5523
0.5409
0.5518
0.4349
0.439
0.4448
0.4635
0.4817
0.4971
0.5132
0.7027
0.5305
0.5396
0.5478
0.5365
0.5469
0.4486
0.4573
0.4629
0.469
0.4861
0.5056
0.5209
0.5355
0.7175
0.5548
0.5661
0.5588
0.5725
0.4904
0.499
0.5037
0.5105
0.5265
0.5423
0.557
0.5709
-1
0.5877
0.5978
0.5911
0.6051
0.4488
0.4557
0.4626
0.4695
0.4881
0.5045
0.5219
0.5348
0.7189
0.5552
0.5655
0.5596
0.5705
0.4459
0.4545
0.4607
0.4651
0.4843
0.5031
0.5192
0.5321
0.7156
0.5529
0.5624
0.5547
0.5667
0.459
0.4691
0.4745
0.4855
0.4913
0.5112
0.5283
0.5418
0.5543
0.7296
0.5736
0.5672
0.581
0.5003
0.5076
0.5152
0.524
0.5306
0.5465
0.5653
0.5762
0.5879
-1
0.6048
0.5987
0.6136
0.4606
0.4662
0.4743
0.4844
0.4918
0.5101
0.5278
0.5452
0.5575
0.7308
0.5732
0.5664
0.5812
0.4578
0.4643
0.4715
0.4819
0.4892
0.5072
0.5258
0.5402
0.5514
0.7282
0.5703
0.5652
0.577
0.4705
0.4799
0.4878
0.4978
0.5083
0.5154
0.5344
0.5523
0.5657
0.5722
0.7458
0.5749
0.5905
0.5121
0.5208
0.5278
0.5358
0.5463
0.5536
0.571
0.5864
0.5963
0.6033
-1
0.6066
0.6228
0.4725
0.4789
0.4877
0.4975
0.5081
0.5147
0.5338
0.5521
0.5641
0.5723
0.7451
0.5758
0.593
0.4678
0.4785
0.4856
0.4937
0.5057
0.514
0.5336
0.5487
0.5618
0.5688
0.7427
0.5718
0.5875
0.4602
0.4691
0.4767
0.4895
0.5004
0.5108
0.52
0.5411
0.5574
0.5679
0.5754
0.7355
0.571
0.5022
0.5093
0.5183
0.5274
0.5392
0.549
0.5565
0.5755
0.5909
0.5994
0.6055
-1
0.6036
0.4609
0.4708
0.4783
0.4886
0.5003
0.5107
0.5218
0.5406
0.5588
0.5675
0.5747
0.7339
0.5705
0.4579
0.4662
0.4766
0.4874
0.4978
0.5083
0.5178
0.5373
0.5539
0.5649
0.5727
0.7339
0.5658
0.484
0.4944
0.5037
0.5153
0.5147
0.5277
0.5417
0.5535
0.5719
0.5815
0.5928
0.5712
0.7485
0.5244
0.5335
0.5411
0.5529
0.552
0.5656
0.5761
0.5876
0.604
0.6146
0.622
0.6043
-1
0.4841
0.4954
0.5024
0.5158
0.5162
0.5277
0.5396
0.5531
0.5714
0.5819
0.5902
0.5702
0.7473
0.4828
0.4922
0.5003
0.5131
0.5125
0.5262
0.5369
0.5493
0.5698
0.5788
0.5883
0.5673
0.7458
0.6031
0.4026
0.4108
0.4163
0.4154
0.4131
0.4273
0.4371
0.45
0.4599
0.4728
0.4606
0.4851
0.6045
0.4037
0.4102
0.4183
0.4149
0.4142
0.4277
0.4381
0.4484
0.4588
0.4729
0.4602
0.4856
-1
0.4515
0.4556
0.4636
0.4617
0.4577
0.4722
0.4806
0.4911
0.5023
0.5129
0.5016
0.524
0.6021
0.4022
0.4067
0.4152
0.4137
0.4092
0.4216
0.4341
0.4451
0.4566
0.4676
0.4551
0.4795
0.4046
0.6218
0.4271
0.4344
0.4326
0.4307
0.4307
0.4432
0.4552
0.4681
0.4809
0.4706
0.4956
0.4059
0.6213
0.4274
0.4328
0.4311
0.4291
0.4296
0.4459
0.4578
0.4681
0.4806
0.4694
0.4936
0.4513
-1
0.4685
0.479
0.4759
0.4769
0.4748
0.4888
0.4992
0.5101
0.5215
0.5113
0.5346
0.4015
0.621
0.4238
0.431
0.4282
0.4279
0.4259
0.4395
0.451
0.4642
0.4755
0.4645
0.4877
0.4095
0.4279
0.638
0.4499
0.4491
0.4482
0.4481
0.4476
0.4615
0.4754
0.4888
0.478
0.5047
0.4109
0.4274
0.637
0.45
0.45
0.4454
0.4469
0.4484
0.4636
0.4767
0.4868
0.4782
0.5029
0.4568
0.4696
-1
0.4914
0.4913
0.4895
0.4885
0.4924
0.505
0.5167
0.529
0.5165
0.5433
0.4076
0.4231
0.6363
0.446
0.4456
0.4435
0.4439
0.4431
0.4588
0.4705
0.4842
0.4749
0.4987
0.4181
0.4329
0.451
0.6548
0.4645
0.4632
0.4656
0.4655
0.4691
0.4858
0.4983
0.4888
0.5156
0.4179
0.4337
0.4515
0.6543
0.4655
0.4641
0.4636
0.4645
0.47
0.4843
0.4965
0.4874
0.516
0.4638
0.478
0.4939
-1
0.506
0.505
0.5051
0.5078
0.5094
0.5239
0.5378
0.5272
0.554
0.4147
0.4318
0.4468
0.653
0.461
0.4616
0.461
0.463
0.4653
0.4814
0.4936
0.4872
0.5114
0.4159
0.4334
0.4489
0.4652
0.6683
0.4807
0.4821
0.4833
0.4869
0.4904
0.5089
0.4984
0.5139
0.4148
0.4318
0.4468
0.4657
0.6662
0.4801
0.4822
0.4827
0.4872
0.4919
0.508
0.5004
0.5142
0.4617
0.478
0.4933
0.5053
-1
0.5177
0.5206
0.5242
0.5261
0.53
0.5448
0.5377
0.5534
0.4135
0.4292
0.4471
0.4616
0.6665
0.4774
0.4771
0.478
0.483
0.4886
0.503
0.4964
0.5104
0.4123
0.4311
0.4468
0.4644
0.4801
0.6811
0.4962
0.5004
0.5038
0.51
0.5183
0.5106
0.5286
0.4133
0.4309
0.4473
0.4647
0.4795
0.681
0.4959
0.5011
0.505
0.5102
0.5145
0.5102
0.5287
0.4588
0.4762
0.4895
0.505
0.5185
-1
0.5353
0.5383
0.5417
0.5483
0.5538
0.5486
0.5656
0.4117
0.4274
0.4441
0.4619
0.4781
0.6787
0.4931
0.4974
0.4993
0.5047
0.5108
0.5077
0.5231
0.4292
0.4302
0.4482
0.4651
0.4819
0.4963
0.6935
0.5161
0.5216
0.5271
0.5357
0.519
0.541
0.4247
0.4298
0.4471
0.4634
0.4807
0.4976
0.6933
0.5161
0.5221
0.5283
0.5347
0.52
0.5404
0.4729
0.4748
0.4907
0.5061
0.521
0.5337
-1
0.5516
0.5586
0.5642
0.5699
0.5583
0.5778
0.4232
0.4277
0.4453
0.4608
0.4779
0.4924
0.6904
0.5119
0.5206
0.5245
0.5309
0.5162
0.5381
0.4379
0.4436
0.4494
0.4655
0.4848
0.5008
0.5163
0.7038
0.534
0.5429
0.5507
0.5405
0.5515
0.4364
0.4441
0.4484
0.4662
0.4828
0.501
0.5158
0.7061
0.5348
0.5421
0.5493
0.5417
0.554
0.4797
0.4862
0.491
0.5095
0.5246
0.5372
0.5519
-1
0.5693
0.5774
0.5858
0.5755
0.5881
0.4364
0.442
0.4442
0.4636
0.4798
0.4969
0.5123
0.704
0.5329
0.5405
0.5495
0.5363
0.5473
0.4479
0.4579
0.463
0.4683
0.4867
0.5041
0.5198
0.5352
0.7179
0.5557
0.5632
0.5585
0.5716
0.4495
0.4555
0.461
0.4689
0.4887
0.5037
0.5215
0.5352
0.718
0.5557
0.5634
0.5582
0.5711
0.4913
0.4975
0.5062
0.5097
0.5237
0.5436
0.5573
0.57
-1
0.5878
0.5996
0.592
0.6047
0.4465
0.4525
0.4617
0.4674
0.4823
0.5004
0.5166
0.531
0.7155
0.551
0.5628
0.5542
0.5671
0.4594
0.467
0.477
0.483
0.4895
0.5091
0.5297
0.5427
0.5551
0.7306
0.5742
0.5668
0.5817
0.4617
0.4682
0.4759
0.4845
0.4912
0.5085
0.5299
0.5424
0.5568
0.7305
0.5717
0.5671
0.5819
0.4999
0.5085
0.5155
0.5235
0.5291
0.5476
0.5637
0.5769
0.5881
-1
0.6043
0.6007
0.6128
0.4564
0.4649
0.4747
0.4812
0.4877
0.5074
0.5249
0.5421
0.5533
0.7276
0.5716
0.5636
0.577
0.4719
0.4814
0.4874
0.4985
0.5087
0.5166
0.5349
0.5511
0.5645
0.5738
0.7463
0.5755
0.5917
0.4718
0.4798
0.4883
0.4994
0.5072
0.5157
0.5361
0.5499
0.5656
0.5738
0.7446
0.5766
0.5908
0.5125
0.5206
0.5277
0.5365
0.5465
0.5545
0.5727
0.5857
0.5974
0.6044
-1
0.6066
0.6231
0.47
0.4777
0.4843
0.4953
0.5053
0.5145
0.5333
0.5484
0.5628
0.5698
0.7425
0.5713
0.5865
0.4619
0.4701
0.4782
0.4874
0.4997
0.5109
0.5211
0.5398
0.5562
0.5673
0.5743
0.7362
0.5718
0.4612
0.4683
0.4751
0.4903
0.5005
0.5117
0.5196
0.5394
0.5579
0.5673
0.5758
0.7337
0.5704
0.5012
0.5118
0.5169
0.5295
0.5377
0.5495
0.5567
0.5763
0.5909
0.6018
0.608
-1
0.6022
0.4572
0.4683
0.477
0.4867
0.4964
0.5083
0.5196
0.5388
0.5542
0.5636
0.5713
0.7322
0.5679
0.4867
0.4948
0.5044
0.517
0.5141
0.5303
0.5416
0.553
0.5719
0.5808
0.591
0.5715
0.7467
0.4844
0.496
0.5041
0.5147
0.514
0.5295
0.5404
0.5533
0.5723
0.5819
0.5938
0.5701
0.7478
0.5247
0.5334
0.5442
0.5535
0.5515
0.5653
0.5779
0.5884
0.603
0.6128
0.6231
0.6034
-1
0.4838
0.4931
0.5021
0.5153
0.5102
0.527
0.5373
0.5492
0.5688
0.5788
0.5889
0.5695
0.7449
0.6041
0.4028
0.4069
0.4164
0.412
0.4104
0.425
0.4345
0.4463
0.4579
0.4683
0.4585
0.4817
0.6029
0.4031
0.4076
0.4147
0.4119
0.4087
0.4227
0.4339
0.4466
0.4582
0.4699
0.4595
0.4823
0.6022
0.4015
0.4087
0.4151
0.4159
0.4111
0.4236
0.4349
0.4463
0.4577
0.4701
0.4583
0.4837
-1
0.43
0.434
0.4424
0.4386
0.4373
0.4492
0.4593
0.469
0.4822
0.4909
0.4848
0.5086
0.4018
0.6214
0.4238
0.433
0.4289
0.4277
0.4295
0.4423
0.452
0.4663
0.4776
0.4674
0.493
0.4021
0.6207
0.4234
0.4316
0.4309
0.4265
0.4268
0.4417
0.4542
0.4657
0.4783
0.4652
0.4935
0.4031
0.6181
0.4239
0.4307
0.4292
0.4276
0.4292
0.4422
0.4538
0.4644
0.4778
0.4673
0.4933
0.4295
-1
0.4488
0.4584
0.4559
0.4526
0.4518
0.4656
0.4757
0.4908
0.5013
0.4911
0.5144
0.405
0.4239
0.6361
0.4464
0.4457
0.4439
0.4436
0.4443
0.4613
0.472
0.4851
0.4755
0.5005
0.4068
0.4268
0.6352
0.4454
0.4455
0.4443
0.4445
0.4448
0.4614
0.4723
0.4839
0.4754
0.5014
0.4078
0.4222
0.6357
0.4475
0.4444
0.4431
0.4446
0.4443
0.4589
0.4729
0.4849
0.4757
0.5027
0.4347
0.4501
-1
0.4717
0.4696
0.4683
0.4696
0.4714
0.4853
0.4957
0.5088
0.5014
0.524
0.4157
0.4327
0.4469
0.6525
0.4603
0.4611
0.4614
0.4635
0.4657
0.4814
0.4945
0.4885
0.5117
0.4153
0.4312
0.4469
0.6536
0.4616
0.4601
0.4613
0.4629
0.4663
0.481
0.4946
0.4865
0.5127
0.4159
0.4321
0.4462
0.6522
0.463
0.4604
0.4615
0.4637
0.4655
0.481
0.4959
0.4871
0.5139
0.4426
0.4576
0.4712
-1
0.4845
0.4843
0.4861
0.4861
0.4896
0.5046
0.5174
0.5107
0.5351
0.4124
0.4298
0.4455
0.462
0.6672
0.4769
0.4781
0.4803
0.485
0.4864
0.5054
0.4979
0.5116
0.4127
0.4297
0.4455
0.4626
0.6656
0.4756
0.4762
0.4817
0.4848
0.4895
0.5041
0.4982
0.512
0.4122
0.4303
0.4458
0.4598
0.6686
0.478
0.4782
0.4809
0.4848
0.4874
0.505
0.498
0.5107
0.4398
0.4534
0.4709
0.4839
-1
0.4992
0.5003
0.5033
0.5059
0.5103
0.5269
0.5213
0.5343
0.4108
0.427
0.4424
0.4597
0.4757
0.6786
0.4935
0.4968
0.5013
0.5073
0.5135
0.5088
0.5269
0.4105
0.4275
0.4447
0.4573
0.4759
0.679
0.4945
0.4963
0.5007
0.5077
0.5145
0.5078
0.5251
0.4104
0.4276
0.4433
0.4598
0.4758
0.6805
0.4944
0.4979
0.5026
0.5072
0.5134
0.5095
0.5271
0.4365
0.4526
0.469
0.4859
0.4964
-1
0.5156
0.5194
0.5228
0.5277
0.534
0.5304
0.5459
0.4231
0.4255
0.4429
0.4602
0.4767
0.4912
0.6915
0.5129
0.5184
0.5258
0.5328
0.5176
0.5381
0.4241
0.4264
0.4445
0.4601
0.4787
0.4939
0.6903
0.5133
0.5195
0.5266
0.5326
0.5164
0.5386
0.4228
0.4273
0.443
0.4604
0.4764
0.4929
0.6903
0.5129
0.5196
0.5239
0.5316
0.5161
0.5392
0.4501
0.4517
0.4664
0.4831
0.5006
0.5158
-1
0.5346
0.5366
0.5452
0.5527
0.5394
0.5591
0.4334
0.4407
0.444
0.462
0.4807
0.4963
0.5143
0.7028
0.5312
0.5379
0.5501
0.5369
0.5497
0.4331
0.4409
0.4451
0.4628
0.4811
0.4953
0.5139
0.7036
0.5318
0.5375
0.5477
0.5367
0.549
0.4314
0.439
0.4461
0.4627
0.4799
0.4968
0.5137
0.7014
0.5328
0.5396
0.5476
0.539
0.5482
0.4595
0.4656
0.4721
0.4875
0.5031
0.5189
0.5337
-1
0.5512
0.5586
0.568
0.5584
0.5681
0.4431
0.4509
0.4588
0.4651
0.4835
0.5015
0.5171
0.5326
0.7163
0.553
0.5642
0.5544
0.5673
0.4454
0.4531
0.4571
0.464
0.4859
0.501
0.5195
0.5315
0.7149
0.5524
0.5609
0.555
0.5672
0.4447
0.4517
0.4586
0.4642
0.4826
0.5003
0.518
0.5315
0.7142
0.5518
0.5637
0.5554
0.5684
0.472
0.4775
0.4861
0.4893
0.5051
0.5236
0.5374
0.5517
-1
0.5715
0.5824
0.5747
0.5858
0.4545
0.4635
0.4723
0.4804
0.4867
0.5048
0.5241
0.5405
0.552
0.7293
0.5701
0.5662
0.5799
0.455
0.4646
0.4708
0.4811
0.4887
0.5052
0.5227
0.5394
0.5505
0.7272
0.57
0.562
0.5787
0.4549
0.4647
0.4724
0.481
0.4873
0.5061
0.525
0.5386
0.5523
0.7267
0.5699
0.5636
0.58
0.4786
0.4882
0.4964
0.5061
0.511
0.528
0.5437
0.5596
0.571
-1
0.5888
0.5824
0.5957
0.4665
0.4764
0.4824
0.4935
0.505
0.511
0.5313
0.5468
0.5619
0.5701
0.7424
0.5716
0.5896
0.4677
0.4752
0.485
0.4924
0.5019
0.5132
0.5323
0.5468
0.5627
0.5699
0.7429
0.5721
0.5883
0.4683
0.4762
0.4841
0.4942
0.5039
0.5106
0.5303
0.5475
0.5627
0.5715
0.7416
0.5718
0.5892
0.4937
0.5003
0.5081
0.5179
0.5268
0.5341
0.5528
0.5656
0.5818
0.5891
-1
0.5889
0.6056
0.4571
0.4651
0.4733
0.4854
0.4963
0.505
0.5164
0.5351
0.5535
0.5654
0.5708
0.7319
0.5674
0.4558
0.4648
0.4748
0.4848
0.4968
0.5066
0.5169
0.535
0.5539
0.5622
0.5722
0.7326
0.568
0.4553
0.4645
0.4733
0.4847
0.4963
0.5072
0.5158
0.5378
0.5549
0.5633
0.5726
0.7339
0.5671
0.4842
0.4934
0.4989
0.511
0.5211
0.5312
0.5405
0.5582
0.5744
0.5827
0.5891
-1
0.5894
0.4806
0.4899
0.4991
0.5123
0.5079
0.5235
0.5373
0.5479
0.5688
0.5782
0.5854
0.567
0.7456
0.482
0.4922
0.5
0.5124
0.5091
0.5243
0.5371
0.548
0.5663
0.5778
0.5859
0.567
0.7443
0.4799
0.4901
0.4991
0.5099
0.5104
0.5258
0.5371
0.5468
0.5685
0.5773
0.5882
0.5679
0.7453
0.5072
0.5168
0.523
0.5366
0.5342
0.5475
0.5593
0.5684
0.5848
0.5965
0.6046
0.5895
-1
