-1
0.1546
0.1588
0.1612
0.1568
0.1529
0.153
0.1554
0.158
0.1614
0.1611
0.149
0.1574
0.2587
0.1018
0.1061
0.1072
0.1025
0.0971
0.0984
0.1
0.1027
0.1042
0.1055
0.0936
0.1002
0.257
0.1006
0.1046
0.1084
0.1019
0.0965
0.0982
0.1003
0.1029
0.1055
0.1069
0.0934
0.1003
0.2586
0.101
0.1048
0.1079
0.1021
0.0966
0.0977
0.0996
0.1024
0.1033
0.1047
0.0904
0.0968
0.1565
-1
0.1676
0.1733
0.1688
0.1614
0.1574
0.1592
0.1637
0.1653
0.1671
0.154
0.1644
0.1007
0.2575
0.1147
0.1184
0.1143
0.1064
0.1014
0.1038
0.1057
0.1069
0.1083
0.0955
0.1057
0.1008
0.2577
0.115
0.1187
0.1139
0.1067
0.1013
0.1034
0.1053
0.1065
0.1087
0.0957
0.1049
0.1013
0.2574
0.1137
0.1184
0.1141
0.1066
0.1012
0.103
0.1043
0.1062
0.1064
0.0928
0.1019
0.1593
0.1678
-1
0.1812
0.1795
0.1738
0.1677
0.1636
0.1672
0.169
0.1715
0.1585
0.1709
0.105
0.1132
0.2575
0.1292
0.1246
0.1181
0.1112
0.1064
0.109
0.1095
0.1115
0.0993
0.1084
0.1046
0.114
0.2587
0.1283
0.1256
0.1173
0.111
0.1066
0.1078
0.1092
0.1123
0.099
0.1089
0.1055
0.1142
0.2582
0.1282
0.1248
0.1166
0.1108
0.105
0.1084
0.1086
0.1102
0.0954
0.1051
0.1629
0.1731
0.1831
-1
0.1884
0.1835
0.1791
0.1741
0.1715
0.1736
0.1764
0.1646
0.1756
0.1072
0.1192
0.1289
0.2619
0.134
0.1286
0.1225
0.1161
0.111
0.1125
0.1146
0.102
0.1127
0.1077
0.1194
0.1284
0.2618
0.1344
0.1295
0.1217
0.1149
0.1122
0.1131
0.1147
0.1015
0.1127
0.1071
0.1184
0.1278
0.2605
0.1334
0.1296
0.1222
0.1159
0.1097
0.1115
0.1128
0.0992
0.1075
0.1572
0.1684
0.1796
0.1871
-1
0.1943
0.19
0.1848
0.1828
0.1781
0.1817
0.1711
0.1741
0.1024
0.1138
0.1257
0.1342
0.2681
0.1392
0.1349
0.129
0.1224
0.1169
0.1196
0.1055
0.1081
0.1031
0.1127
0.1259
0.1356
0.2693
0.1394
0.1354
0.1288
0.1217
0.1171
0.1191
0.1072
0.1081
0.103
0.1136
0.1246
0.1338
0.2684
0.1391
0.1355
0.1272
0.1214
0.1162
0.1167
0.1026
0.1036
0.1518
0.1628
0.1727
0.1851
0.194
-1
0.2006
0.1975
0.1943
0.1886
0.186
0.175
0.1801
0.0969
0.107
0.1167
0.1276
0.139
0.2762
0.1459
0.1415
0.1357
0.128
0.1232
0.1093
0.1119
0.0954
0.1068
0.1187
0.1299
0.1378
0.2764
0.1455
0.1393
0.1337
0.1287
0.1231
0.1087
0.111
0.0966
0.1061
0.1185
0.1297
0.1387
0.2769
0.144
0.1388
0.1332
0.1259
0.1223
0.1066
0.1068
0.1538
0.1574
0.168
0.1798
0.1915
0.2005
-1
0.2088
0.2079
0.2029
0.1986
0.1795
0.1839
0.0982
0.1004
0.1108
0.1217
0.136
0.1461
0.2817
0.1528
0.1496
0.1425
0.1356
0.1136
0.1174
0.0979
0.1015
0.1115
0.1229
0.1352
0.145
0.283
0.1525
0.1487
0.1416
0.1357
0.1134
0.116
0.0982
0.102
0.1111
0.1226
0.1336
0.1456
0.2834
0.1523
0.1474
0.1412
0.1334
0.1107
0.1127
0.1559
0.1601
0.1636
0.1731
0.1854
0.1961
0.2091
-1
0.2187
0.2121
0.2101
0.193
0.1891
0.1005
0.1025
0.1062
0.1162
0.1287
0.1411
0.1532
0.2923
0.1607
0.1542
0.1479
0.1272
0.1207
0.1009
0.1031
0.1059
0.1167
0.129
0.1405
0.1519
0.2931
0.1609
0.1542
0.1472
0.1273
0.1203
0.1005
0.1032
0.1051
0.1156
0.1291
0.1398
0.1526
0.2909
0.1597
0.1533
0.1457
0.1247
0.1159
0.1585
0.1642
0.1667
0.1705
0.1826
0.1937
0.2068
0.2169
-1
0.2253
0.2228
0.2078
0.2047
0.1035
0.1055
0.1081
0.1124
0.1226
0.1345
0.1489
0.1604
0.3017
0.1682
0.1598
0.1426
0.1353
0.1032
0.1051
0.1084
0.1117
0.1233
0.1335
0.1478
0.1609
0.3021
0.1682
0.1603
0.1445
0.1356
0.1038
0.1054
0.1091
0.1112
0.1224
0.1351
0.1483
0.1611
0.3012
0.1658
0.1592
0.1397
0.1306
0.1599
0.1638
0.1686
0.1737
0.178
0.1898
0.2016
0.2131
0.2248
-1
0.2259
0.2127
0.21
0.1047
0.1066
0.1097
0.1136
0.1177
0.1275
0.1428
0.1537
0.1671
0.3183
0.1675
0.1482
0.1426
0.1048
0.1068
0.1105
0.1137
0.1184
0.1287
0.1424
0.1545
0.1672
0.3189
0.1671
0.1491
0.1427
0.1058
0.1065
0.1103
0.1127
0.1171
0.1284
0.1421
0.1542
0.1668
0.3161
0.1639
0.1448
0.1378
0.1616
0.1667
0.1718
0.1746
0.1807
0.1857
0.1986
0.2098
0.2225
0.2256
-1
0.2207
0.2181
0.1061
0.109
0.111
0.115
0.1189
0.1234
0.1363
0.1468
0.1597
0.1669
0.3389
0.1575
0.1508
0.1059
0.1095
0.1116
0.1151
0.1188
0.1221
0.1352
0.1481
0.1603
0.1666
0.3352
0.1569
0.1517
0.107
0.1092
0.1122
0.1158
0.1189
0.1226
0.1353
0.1463
0.1599
0.1643
0.3341
0.1543
0.1482
0.149
0.1546
0.161
0.1651
0.1704
0.1763
0.179
0.1922
0.2078
0.2137
0.2201
-1
0.2048
0.0922
0.0953
0.0993
0.1024
0.1049
0.1092
0.113
0.1273
0.1427
0.1495
0.1571
0.3055
0.1386
0.0934
0.0949
0.0988
0.1013
0.1058
0.1097
0.1134
0.127
0.1426
0.1484
0.1565
0.3052
0.1394
0.0933
0.0954
0.0988
0.1012
0.1064
0.1088
0.1135
0.1254
0.1412
0.1479
0.1565
0.303
0.1337
0.1549
0.1642
0.1708
0.1756
0.1732
0.1794
0.1848
0.1904
0.2047
0.2084
0.2189
0.2041
-1
0.1001
0.1048
0.109
0.113
0.1077
0.1111
0.1156
0.119
0.1356
0.1418
0.1517
0.1394
0.3207
0.1006
0.1051
0.1094
0.1125
0.1081
0.1118
0.115
0.12
0.1342
0.1424
0.1518
0.1384
0.3208
0.1003
0.1048
0.1088
0.1134
0.108
0.1111
0.1147
0.1201
0.1362
0.1404
0.1486
0.1366
0.3176
0.2578
0.1001
0.1054
0.108
0.1027
0.0966
0.0983
0.1009
0.1034
0.1049
0.1062
0.0936
0.1006
-1
0.1539
0.1584
0.1612
0.1576
0.1517
0.1543
0.156
0.159
0.1599
0.1617
0.1487
0.1568
0.2585
0.1
0.1043
0.1076
0.1024
0.0972
0.0991
0.1002
0.1034
0.1045
0.1058
0.0931
0.101
0.2581
0.1011
0.1058
0.1079
0.1025
0.0966
0.0982
0.0998
0.1022
0.1037
0.1047
0.0903
0.0963
0.101
0.2578
0.1141
0.1184
0.1135
0.1064
0.1023
0.1026
0.1062
0.1078
0.1078
0.0955
0.1048
0.1548
-1
0.1678
0.1733
0.1666
0.1632
0.157
0.1599
0.1625
0.1644
0.1652
0.1551
0.1649
0.1015
0.2578
0.1133
0.1186
0.1136
0.107
0.1009
0.1035
0.1061
0.1071
0.1079
0.0954
0.1049
0.1009
0.2566
0.1144
0.119
0.114
0.1057
0.1005
0.1024
0.1049
0.1056
0.1073
0.094
0.1021
0.1053
0.1137
0.2596
0.1285
0.1253
0.1174
0.1119
0.106
0.1094
0.1101
0.111
0.0988
0.1092
0.158
0.1689
-1
0.1812
0.1784
0.1731
0.1681
0.1633
0.1664
0.1701
0.1712
0.1599
0.1702
0.1046
0.1145
0.259
0.1288
0.1259
0.1177
0.1107
0.106
0.1086
0.1094
0.1113
0.0981
0.1088
0.1042
0.1142
0.2603
0.1284
0.1246
0.117
0.1098
0.1053
0.1072
0.1079
0.1096
0.0957
0.1041
0.1087
0.1182
0.128
0.2606
0.1353
0.1287
0.1234
0.1163
0.1118
0.1137
0.116
0.1002
0.1125
0.1611
0.1737
0.1812
-1
0.1878
0.1846
0.1794
0.1738
0.1708
0.1735
0.1761
0.1635
0.1767
0.1078
0.1183
0.129
0.2608
0.1339
0.1291
0.1225
0.1154
0.1113
0.1145
0.1131
0.1021
0.1124
0.1078
0.119
0.1286
0.2612
0.1345
0.1273
0.1218
0.1151
0.1108
0.1118
0.113
0.0985
0.1078
0.102
0.1124
0.1241
0.1346
0.2678
0.1396
0.134
0.1276
0.1223
0.1158
0.1185
0.1064
0.1082
0.156
0.1686
0.1788
0.1887
-1
0.1943
0.1892
0.186
0.1809
0.1782
0.1823
0.17
0.1735
0.1023
0.113
0.1251
0.1331
0.2691
0.1396
0.1344
0.1282
0.1224
0.1181
0.1199
0.1061
0.106
0.1024
0.115
0.1265
0.1345
0.2692
0.1396
0.1337
0.1275
0.1221
0.1156
0.1167
0.1023
0.1036
0.0968
0.106
0.1184
0.1302
0.1395
0.2762
0.1442
0.1409
0.1354
0.1282
0.1223
0.1092
0.1121
0.1506
0.1617
0.1727
0.1846
0.1943
-1
0.1999
0.1965
0.1948
0.1916
0.1873
0.1746
0.1793
0.0973
0.1064
0.1172
0.1294
0.1389
0.2753
0.1449
0.1413
0.1357
0.1266
0.1231
0.1093
0.1125
0.0974
0.1067
0.1175
0.1288
0.1385
0.2765
0.1448
0.1395
0.1337
0.1276
0.1215
0.1068
0.1068
0.098
0.101
0.1112
0.1241
0.1351
0.1454
0.2843
0.1521
0.1488
0.1417
0.1365
0.1121
0.116
0.1532
0.1571
0.1661
0.1791
0.1904
0.2001
-1
0.2083
0.2067
0.2015
0.1989
0.1785
0.1848
0.0982
0.1003
0.1104
0.122
0.1354
0.1461
0.2828
0.1516
0.1495
0.1423
0.1362
0.1132
0.1166
0.0984
0.1012
0.1113
0.1231
0.1357
0.145
0.2817
0.1521
0.1486
0.1415
0.1346
0.1108
0.1112
0.1006
0.1024
0.1057
0.1163
0.1286
0.1398
0.1521
0.2917
0.1616
0.1546
0.1471
0.1269
0.1199
0.156
0.1597
0.1631
0.1745
0.1862
0.197
0.208
-1
0.2185
0.212
0.2086
0.1926
0.1913
0.0999
0.1031
0.1066
0.1166
0.1286
0.1413
0.1532
0.2919
0.1605
0.1534
0.1486
0.1266
0.1204
0.1006
0.1032
0.1065
0.1166
0.1276
0.138
0.1514
0.2915
0.1606
0.1521
0.145
0.1235
0.1168
0.1028
0.1054
0.1079
0.1115
0.1225
0.1352
0.1476
0.1613
0.3024
0.1665
0.1614
0.1427
0.1363
0.16
0.1632
0.1661
0.1705
0.1817
0.1934
0.2066
0.2174
-1
0.2257
0.2224
0.2084
0.2039
0.1029
0.1055
0.1081
0.1118
0.1232
0.1341
0.1481
0.1614
0.3015
0.1672
0.1615
0.1424
0.1363
0.1031
0.1059
0.1076
0.1121
0.1241
0.1349
0.1475
0.1611
0.3007
0.1648
0.1579
0.1402
0.1314
0.105
0.1065
0.1101
0.1128
0.1162
0.1288
0.1418
0.1538
0.1665
0.3174
0.1661
0.1476
0.1429
0.1604
0.164
0.1693
0.1727
0.1795
0.1891
0.2023
0.2136
0.2248
-1
0.2275
0.2122
0.2093
0.1051
0.1076
0.1098
0.1125
0.1177
0.128
0.1411
0.1534
0.1678
0.3163
0.1659
0.1475
0.1439
0.105
0.1071
0.1097
0.113
0.1177
0.1285
0.1423
0.1542
0.1649
0.3175
0.1646
0.1452
0.1381
0.1054
0.109
0.112
0.1142
0.1188
0.1229
0.1359
0.148
0.1604
0.1667
0.3376
0.1564
0.1509
0.1611
0.1652
0.1705
0.1768
0.1802
0.1862
0.1981
0.2102
0.2212
0.226
-1
0.2188
0.2192
0.1061
0.1088
0.1114
0.1156
0.1185
0.1231
0.1357
0.1475
0.1615
0.166
0.3374
0.1564
0.1507
0.1059
0.1084
0.1107
0.1144
0.1186
0.1233
0.1358
0.1478
0.1601
0.1659
0.3371
0.1537
0.1464
0.0926
0.0963
0.0978
0.1015
0.1065
0.109
0.1131
0.1273
0.1429
0.1488
0.1564
0.306
0.1379
0.1496
0.1539
0.16
0.1658
0.1708
0.176
0.1782
0.1931
0.2074
0.2128
0.2208
-1
0.2049
0.0917
0.0956
0.0987
0.1015
0.1048
0.1088
0.1133
0.1273
0.1437
0.1484
0.1568
0.3043
0.1385
0.0934
0.0955
0.099
0.1014
0.1056
0.1102
0.113
0.1251
0.1415
0.1481
0.1546
0.3034
0.1343
0.1007
0.1048
0.1093
0.1129
0.1086
0.1121
0.1163
0.1205
0.1356
0.1428
0.1505
0.1392
0.3213
0.1585
0.1635
0.1716
0.177
0.1734
0.1807
0.1842
0.1901
0.2043
0.2104
0.2179
0.2047
-1
0.0996
0.1058
0.1094
0.1127
0.1071
0.1118
0.1163
0.1214
0.1352
0.1431
0.1513
0.1395
0.3201
0.1011
0.1059
0.1093
0.113
0.1075
0.1125
0.1154
0.1197
0.1345
0.1404
0.1484
0.1364
0.3177
0.257
0.0996
0.1046
0.1087
0.1025
0.0968
0.0991
0.1014
0.1033
0.1048
0.1066
0.0927
0.1001
0.2574
0.1012
0.1056
0.1072
0.1019
0.0966
0.0982
0.1012
0.1023
0.1049
0.1058
0.0923
0.1002
-1
0.1544
0.1603
0.1623
0.1571
0.1519
0.1547
0.1554
0.1583
0.1608
0.1613
0.1493
0.1573
0.259
0.1001
0.1052
0.1087
0.1026
0.0968
0.0976
0.0988
0.1021
0.1028
0.1042
0.0905
0.0971
0.1004
0.2579
0.1146
0.1194
0.1137
0.1069
0.1016
0.1038
0.1061
0.108
0.108
0.0962
0.1055
0.1013
0.2581
0.1152
0.1193
0.1138
0.106
0.1015
0.1029
0.1059
0.1069
0.1094
0.0956
0.1055
0.1544
-1
0.1674
0.1734
0.1689
0.1614
0.1572
0.1598
0.1626
0.1641
0.1677
0.1562
0.1652
0.1013
0.2581
0.1129
0.1188
0.113
0.106
0.1007
0.101
0.105
0.1058
0.107
0.0931
0.1011
0.1046
0.1139
0.2603
0.128
0.1243
0.1184
0.11
0.106
0.1083
0.109
0.1119
0.0994
0.109
0.1042
0.1144
0.2587
0.1286
0.1252
0.1186
0.111
0.1065
0.1088
0.11
0.1115
0.0989
0.1097
0.1581
0.1682
-1
0.1824
0.1785
0.172
0.1678
0.1635
0.1667
0.1693
0.1712
0.1589
0.1714
0.1062
0.1152
0.2594
0.1287
0.125
0.1183
0.1116
0.1044
0.1079
0.1089
0.1099
0.0954
0.1038
0.107
0.1177
0.1276
0.2614
0.1346
0.129
0.1233
0.116
0.1111
0.1136
0.1147
0.1012
0.1128
0.1073
0.1189
0.1281
0.2609
0.1349
0.1293
0.1225
0.1166
0.1123
0.113
0.1139
0.1017
0.1125
0.1608
0.1736
0.1819
-1
0.1883
0.1853
0.18
0.174
0.1709
0.1727
0.1758
0.1638
0.1774
0.1076
0.1198
0.1286
0.2589
0.135
0.1294
0.1224
0.1155
0.1097
0.1118
0.1124
0.0984
0.108
0.1035
0.1131
0.1248
0.1345
0.2685
0.1383
0.1356
0.1285
0.1222
0.1171
0.1193
0.1062
0.1079
0.1029
0.1137
0.1236
0.1357
0.269
0.139
0.1358
0.1277
0.1222
0.1159
0.1182
0.1062
0.1071
0.1578
0.1677
0.18
0.1882
-1
0.1928
0.1907
0.1857
0.1818
0.1776
0.1814
0.1691
0.1734
0.1033
0.1135
0.1243
0.1354
0.2682
0.1392
0.1346
0.1283
0.1209
0.1154
0.1174
0.1016
0.103
0.0964
0.1065
0.1173
0.1294
0.1389
0.2759
0.1448
0.1406
0.1341
0.1285
0.1225
0.1085
0.1111
0.0971
0.1069
0.1174
0.1277
0.1395
0.2769
0.145
0.1403
0.1346
0.1281
0.1235
0.1093
0.1112
0.1518
0.1617
0.1714
0.1841
0.1928
-1
0.2013
0.1965
0.1927
0.1894
0.185
0.1738
0.1796
0.0965
0.1057
0.1184
0.129
0.1378
0.2748
0.1455
0.139
0.1343
0.127
0.1209
0.1064
0.1072
0.0991
0.1001
0.1121
0.123
0.1345
0.1447
0.2848
0.1529
0.1498
0.142
0.136
0.1133
0.1152
0.0993
0.101
0.1107
0.1224
0.1349
0.146
0.2839
0.153
0.1489
0.1423
0.1357
0.1135
0.1175
0.1539
0.1574
0.1685
0.1795
0.1911
0.2009
-1
0.2093
0.2057
0.2034
0.1988
0.179
0.1849
0.0987
0.1016
0.1104
0.1216
0.1352
0.1436
0.2824
0.1523
0.1481
0.141
0.1348
0.1113
0.1124
0.101
0.1033
0.1054
0.1165
0.1296
0.1399
0.1543
0.2911
0.161
0.1544
0.1479
0.1265
0.1204
0.0998
0.1023
0.1058
0.1151
0.1282
0.1407
0.1532
0.2925
0.1609
0.1537
0.1469
0.1268
0.1206
0.1552
0.1605
0.1631
0.1735
0.1868
0.1966
0.2074
-1
0.2175
0.2144
0.2102
0.1933
0.189
0.1001
0.1025
0.1047
0.1155
0.1281
0.139
0.1528
0.2922
0.159
0.1544
0.1462
0.1244
0.1166
0.1037
0.1056
0.1073
0.1118
0.1227
0.1349
0.1488
0.1605
0.3015
0.1665
0.1605
0.1434
0.1362
0.1035
0.1054
0.1085
0.1112
0.1232
0.1355
0.1493
0.1613
0.3023
0.1665
0.1612
0.1424
0.1355
0.1589
0.1622
0.1664
0.1712
0.1822
0.1951
0.2065
0.2158
-1
0.2249
0.2209
0.2077
0.2037
0.103
0.1059
0.1082
0.1125
0.1224
0.1358
0.149
0.16
0.3021
0.1659
0.1578
0.1399
0.1323
0.1038
0.1072
0.1102
0.1126
0.1176
0.1277
0.1423
0.1542
0.1666
0.3177
0.1657
0.149
0.1418
0.104
0.1071
0.1106
0.1128
0.1168
0.1279
0.141
0.1546
0.1678
0.3188
0.1664
0.1476
0.1427
0.1602
0.1653
0.1686
0.1737
0.1778
0.1886
0.2023
0.2139
0.224
-1
0.2258
0.2129
0.2106
0.1048
0.1076
0.1102
0.114
0.1182
0.1289
0.1409
0.1532
0.1665
0.3168
0.1652
0.1454
0.138
0.1058
0.1075
0.1122
0.1163
0.1188
0.1229
0.1371
0.1487
0.1621
0.1684
0.3356
0.1577
0.1512
0.1054
0.1091
0.1119
0.1154
0.1181
0.1233
0.1358
0.1471
0.1601
0.1664
0.3374
0.1575
0.1514
0.1612
0.1671
0.1713
0.1765
0.1818
0.1871
0.1984
0.2109
0.2221
0.226
-1
0.2189
0.2184
0.1053
0.1084
0.1111
0.1155
0.1192
0.1225
0.1355
0.1482
0.1588
0.1644
0.3369
0.1532
0.1463
0.0934
0.0954
0.0984
0.1018
0.106
0.1087
0.1142
0.1269
0.1417
0.15
0.1577
0.3052
0.1385
0.0934
0.0962
0.0982
0.1006
0.1054
0.1109
0.1134
0.1272
0.1438
0.1479
0.1574
0.3034
0.1387
0.1496
0.1543
0.1605
0.1648
0.1692
0.176
0.1791
0.1912
0.208
0.2128
0.2192
-1
0.2052
0.093
0.0953
0.099
0.1012
0.1061
0.1091
0.1124
0.1264
0.1424
0.1474
0.1549
0.3025
0.135
0.1001
0.1056
0.1091
0.1134
0.1073
0.112
0.1156
0.1204
0.1357
0.1423
0.1515
0.1396
0.3218
0.0992
0.1051
0.1095
0.1127
0.1068
0.1123
0.1166
0.1202
0.1355
0.1424
0.1506
0.1392
0.3204
0.1578
0.1658
0.1705
0.1769
0.1741
0.1789
0.1849
0.1885
0.204
0.2101
0.2196
0.2046
-1
0.1013
0.105
0.109
0.1123
0.107
0.1119
0.1159
0.1192
0.1349
0.1415
0.15
0.1361
0.3172
0.2581
0.1003
0.1048
0.108
0.1021
0.0966
0.0989
0.1007
0.1027
0.1045
0.1058
0.0923
0.1006
0.2587
0.1005
0.1055
0.1086
0.102
0.0975
0.0989
0.1009
0.1038
0.1039
0.105
0.0932
0.1006
0.258
0.0994
0.1059
0.1078
0.1019
0.0968
0.0991
0.1012
0.1022
0.1041
0.106
0.0935
0.1004
-1
0.1392
0.1422
0.1452
0.1404
0.1354
0.1371
0.1387
0.1409
0.1425
0.1427
0.1315
0.1353
0.1019
0.2571
0.1148
0.1196
0.1136
0.1065
0.102
0.1021
0.1053
0.1069
0.1087
0.0969
0.1049
0.1003
0.258
0.1143
0.1183
0.1139
0.1063
0.1018
0.1029
0.1058
0.1077
0.1083
0.0962
0.1044
0.1009
0.2573
0.115
0.1187
0.1143
0.1073
0.1015
0.1035
0.1058
0.1067
0.1084
0.0956
0.1053
0.1398
-1
0.1518
0.1573
0.1509
0.144
0.1411
0.1418
0.1451
0.1458
0.1489
0.1348
0.1426
0.1058
0.1146
0.2587
0.128
0.1247
0.1177
0.111
0.1055
0.1081
0.1109
0.1114
0.0986
0.1082
0.1046
0.1146
0.2596
0.1289
0.1244
0.1178
0.1118
0.1052
0.1083
0.1104
0.1114
0.098
0.1096
0.1054
0.1139
0.259
0.1272
0.126
0.1173
0.1112
0.1058
0.1098
0.1101
0.1121
0.0979
0.1092
0.1429
0.1512
-1
0.1664
0.1612
0.1577
0.1498
0.145
0.1489
0.1497
0.1514
0.1395
0.148
0.108
0.1186
0.1286
0.2599
0.1348
0.1282
0.1218
0.1168
0.1117
0.1132
0.1149
0.1019
0.1131
0.1076
0.1194
0.1282
0.2631
0.1354
0.1298
0.123
0.1163
0.1122
0.1136
0.1142
0.1018
0.1121
0.1072
0.1186
0.1292
0.2614
0.1336
0.1288
0.1225
0.1155
0.1123
0.1138
0.1151
0.1019
0.1107
0.1461
0.1563
0.1653
-1
0.1708
0.1669
0.1611
0.1547
0.1513
0.1534
0.1544
0.1428
0.1518
0.1027
0.1134
0.125
0.1358
0.2683
0.1403
0.135
0.1265
0.1226
0.1174
0.1191
0.105
0.1068
0.1026
0.1131
0.1249
0.1335
0.2686
0.1391
0.1355
0.1276
0.1214
0.1175
0.1181
0.1054
0.1072
0.1024
0.1141
0.1244
0.1341
0.2692
0.1396
0.1342
0.1275
0.122
0.1165
0.1197
0.1064
0.1069
0.1396
0.1513
0.1629
0.1728
-1
0.1749
0.1712
0.1676
0.1625
0.1573
0.1603
0.1466
0.1486
0.0956
0.1058
0.1171
0.1298
0.1385
0.2763
0.1446
0.1392
0.1344
0.1272
0.1234
0.1103
0.111
0.0974
0.1058
0.1172
0.1301
0.1398
0.2747
0.1451
0.1395
0.1341
0.1286
0.122
0.1091
0.1115
0.0967
0.1065
0.1164
0.1283
0.1386
0.2754
0.1444
0.1405
0.1349
0.1267
0.1227
0.1099
0.112
0.135
0.1453
0.1541
0.167
0.1758
-1
0.1813
0.1783
0.1742
0.1674
0.1636
0.152
0.1522
0.0978
0.1006
0.1113
0.1229
0.1344
0.1443
0.2828
0.1513
0.1483
0.1424
0.134
0.113
0.1151
0.0977
0.1015
0.1103
0.1224
0.1337
0.1458
0.2828
0.1525
0.1483
0.1415
0.136
0.1125
0.1158
0.0986
0.101
0.1098
0.1231
0.1353
0.145
0.285
0.1524
0.1491
0.141
0.1342
0.1126
0.1164
0.1373
0.1389
0.149
0.1615
0.1718
0.1821
-1
0.1882
0.1861
0.1813
0.1752
0.1551
0.1565
0.099
0.1024
0.1043
0.1151
0.1259
0.1394
0.1512
0.2924
0.1612
0.1534
0.1466
0.1274
0.1207
0.0997
0.1021
0.1053
0.115
0.1285
0.1401
0.1522
0.2921
0.1591
0.1529
0.1467
0.1263
0.1197
0.1004
0.102
0.1044
0.1162
0.1285
0.14
0.151
0.2915
0.16
0.1536
0.1471
0.1252
0.1206
0.1379
0.1407
0.1441
0.1536
0.1668
0.1792
0.1888
-1
0.1951
0.1926
0.1876
0.1679
0.1604
0.1014
0.1043
0.1075
0.1095
0.1223
0.1345
0.1474
0.1578
0.3024
0.1656
0.1587
0.1425
0.1346
0.1021
0.1047
0.1064
0.1106
0.1212
0.1337
0.1483
0.1589
0.3018
0.1658
0.1596
0.1419
0.134
0.1022
0.1049
0.1077
0.1114
0.1219
0.1338
0.1492
0.1611
0.3012
0.1666
0.1597
0.1423
0.1351
0.1423
0.1444
0.1488
0.1517
0.1609
0.1746
0.1879
0.1984
-1
0.2039
0.1996
0.1814
0.1758
0.1028
0.1056
0.1083
0.1111
0.1152
0.126
0.1411
0.1528
0.1649
0.3154
0.163
0.1485
0.142
0.1029
0.1063
0.1091
0.1124
0.1154
0.1273
0.1401
0.1533
0.1671
0.317
0.1653
0.1474
0.1409
0.1034
0.1052
0.1081
0.1119
0.1165
0.1264
0.1399
0.1528
0.1664
0.318
0.1649
0.1471
0.1422
0.1433
0.1458
0.1495
0.1537
0.1575
0.1678
0.1811
0.1921
0.2042
-1
0.2038
0.1874
0.18
0.1033
0.1074
0.1103
0.1131
0.1173
0.1212
0.1331
0.1462
0.1579
0.1649
0.335
0.154
0.1501
0.1037
0.1069
0.11
0.1127
0.118
0.121
0.1339
0.1462
0.1591
0.1673
0.3355
0.154
0.1492
0.1049
0.1064
0.1095
0.1132
0.1179
0.1219
0.1344
0.1454
0.1592
0.1652
0.3361
0.1551
0.1495
0.1443
0.1469
0.1506
0.1554
0.1616
0.1634
0.1761
0.1868
0.1997
0.2035
-1
0.1943
0.1863
0.091
0.0923
0.0958
0.0978
0.1028
0.1066
0.1097
0.1233
0.1405
0.1464
0.1534
0.3015
0.1365
0.0897
0.0929
0.0956
0.0994
0.1027
0.1067
0.1103
0.1237
0.1403
0.1461
0.1547
0.3025
0.136
0.0911
0.0935
0.0957
0.0988
0.1019
0.1062
0.1099
0.1233
0.1393
0.147
0.1532
0.3048
0.1359
0.1315
0.134
0.1405
0.1438
0.1483
0.1507
0.1542
0.1663
0.1824
0.1875
0.1925
-1
0.1755
0.0956
0.101
0.1051
0.1072
0.1031
0.1066
0.1115
0.1153
0.132
0.1377
0.1457
0.1338
0.3162
0.0959
0.1008
0.1055
0.1091
0.1018
0.1072
0.1121
0.1164
0.1318
0.137
0.1479
0.1343
0.3172
0.0959
0.1012
0.1053
0.1086
0.1028
0.1071
0.1114
0.1166
0.132
0.1374
0.1473
0.1342
0.3164
0.1367
0.143
0.1475
0.1527
0.1472
0.1516
0.1568
0.1602
0.1754
0.1811
0.1876
0.174
-1
