-1
0.1381
0.1435
0.1459
0.141
0.1354
0.1371
0.1405
0.1428
0.1436
0.1461
0.1367
0.143
0.2441
0.087
0.0922
0.0943
0.0891
0.0835
0.0858
0.0871
0.09
0.0911
0.0922
0.0823
0.087
0.2437
0.0876
0.0916
0.094
0.0883
0.0828
0.0855
0.087
0.0891
0.0912
0.0923
0.0832
0.0889
0.2445
0.089
0.0913
0.0941
0.0886
0.0832
0.0843
0.087
0.0896
0.0896
0.0917
0.079
0.0852
0.1402
-1
0.152
0.1568
0.1512
0.1449
0.1423
0.144
0.146
0.1487
0.151
0.1396
0.1501
0.0875
0.242
0.0993
0.1052
0.0995
0.0923
0.0867
0.0896
0.0918
0.0944
0.0938
0.0839
0.0917
0.0875
0.2442
0.1017
0.1049
0.1001
0.0924
0.0882
0.0883
0.0913
0.0942
0.0949
0.0843
0.0924
0.0868
0.2435
0.1004
0.1045
0.0998
0.0922
0.0868
0.089
0.0923
0.093
0.0933
0.082
0.0891
0.1433
0.1519
-1
0.164
0.1624
0.1568
0.1518
0.1474
0.1501
0.1537
0.1549
0.1459
0.1564
0.0919
0.1001
0.2417
0.113
0.1104
0.1027
0.0971
0.0925
0.0947
0.0959
0.097
0.0869
0.0956
0.0924
0.1004
0.2419
0.113
0.1095
0.1023
0.0973
0.0922
0.0932
0.0961
0.0963
0.0854
0.0963
0.0918
0.1006
0.2425
0.115
0.1097
0.102
0.0969
0.0919
0.0938
0.0947
0.0949
0.0841
0.0911
0.1461
0.1571
0.1661
-1
0.1703
0.1668
0.1619
0.1576
0.1547
0.1585
0.1597
0.1501
0.1613
0.0944
0.1048
0.1138
0.2422
0.1193
0.1146
0.108
0.1004
0.0974
0.0978
0.0993
0.0884
0.0973
0.0945
0.1038
0.1141
0.2435
0.1186
0.1139
0.108
0.0998
0.0971
0.0978
0.0999
0.0879
0.0979
0.0935
0.1043
0.1149
0.2432
0.1196
0.1133
0.1077
0.1006
0.0962
0.0964
0.0982
0.0857
0.0941
0.1415
0.1522
0.1636
0.1713
-1
0.1749
0.1742
0.1678
0.1655
0.1614
0.1653
0.1547
0.1585
0.0883
0.0992
0.1099
0.1184
0.2479
0.1221
0.1188
0.1128
0.1073
0.1023
0.1032
0.0919
0.0927
0.0884
0.0991
0.1099
0.1184
0.2495
0.123
0.1186
0.1113
0.1067
0.1024
0.1034
0.0923
0.0925
0.089
0.0991
0.1098
0.1179
0.2491
0.1221
0.1178
0.1121
0.1056
0.1005
0.1022
0.0888
0.0887
0.1367
0.1449
0.1564
0.1672
0.1755
-1
0.1823
0.1784
0.177
0.1724
0.1692
0.1599
0.163
0.0829
0.0924
0.1038
0.1137
0.1237
0.2539
0.1286
0.1237
0.1186
0.1127
0.1065
0.0938
0.0966
0.0829
0.0925
0.1033
0.1144
0.1229
0.2551
0.1277
0.1236
0.1191
0.1117
0.1073
0.0946
0.0965
0.0844
0.0926
0.1031
0.1143
0.123
0.2546
0.1272
0.1237
0.1168
0.1115
0.1058
0.0921
0.0918
0.1376
0.141
0.1502
0.1615
0.1734
0.182
-1
0.1897
0.1889
0.1843
0.1817
0.1638
0.1687
0.0853
0.0868
0.0968
0.1069
0.1196
0.1279
0.2612
0.1344
0.1322
0.1241
0.1186
0.0976
0.0997
0.085
0.0879
0.0968
0.1064
0.1183
0.1288
0.2607
0.1343
0.1321
0.1248
0.1187
0.0975
0.0997
0.0851
0.0885
0.0966
0.1074
0.1185
0.1295
0.2607
0.134
0.1316
0.1243
0.1175
0.0963
0.0952
0.1398
0.1429
0.1478
0.1568
0.1689
0.181
0.1889
-1
0.1996
0.1934
0.1915
0.1763
0.1735
0.0875
0.0891
0.0923
0.101
0.1113
0.1237
0.1349
0.2673
0.1424
0.1356
0.1298
0.1103
0.104
0.087
0.0889
0.0918
0.1017
0.1129
0.123
0.1352
0.2666
0.1425
0.1362
0.1293
0.1106
0.104
0.0872
0.0898
0.0922
0.1009
0.1135
0.1235
0.1352
0.2676
0.1413
0.1355
0.128
0.1082
0.1003
0.1429
0.1467
0.1521
0.1539
0.165
0.1769
0.1899
0.1995
-1
0.2049
0.2029
0.1909
0.1884
0.09
0.0928
0.0943
0.0965
0.1061
0.1192
0.131
0.1428
0.2765
0.1477
0.142
0.1256
0.1184
0.0902
0.0918
0.0941
0.0976
0.1079
0.1183
0.1329
0.1424
0.2768
0.1491
0.1429
0.1248
0.1182
0.0892
0.0912
0.0943
0.0967
0.1069
0.1185
0.1304
0.1423
0.2761
0.1478
0.1407
0.1232
0.1134
0.1448
0.1496
0.1527
0.1574
0.1618
0.1719
0.184
0.1951
0.2066
-1
0.2056
0.1969
0.1919
0.0916
0.0942
0.0954
0.098
0.1025
0.1112
0.1252
0.1356
0.1498
0.2899
0.1464
0.1305
0.1229
0.0907
0.0938
0.0953
0.0991
0.1017
0.1126
0.1247
0.1373
0.1489
0.2901
0.1477
0.1307
0.1234
0.0914
0.0932
0.095
0.0977
0.1013
0.111
0.1253
0.1356
0.1477
0.2898
0.1456
0.1281
0.1198
0.1465
0.1505
0.1559
0.1599
0.1644
0.1688
0.1818
0.1912
0.2034
0.2066
-1
0.2019
0.2005
0.0932
0.0953
0.0969
0.0993
0.1035
0.106
0.1184
0.1293
0.1428
0.1475
0.3094
0.1376
0.1311
0.0931
0.0944
0.0975
0.0989
0.1029
0.1064
0.1185
0.1295
0.143
0.146
0.3091
0.1364
0.1322
0.0928
0.0946
0.0974
0.1004
0.1035
0.1073
0.118
0.1286
0.1419
0.1463
0.3062
0.1364
0.127
0.1359
0.1401
0.1445
0.1504
0.1553
0.1595
0.1637
0.1754
0.1912
0.1958
0.2011
-1
0.1869
0.0814
0.0839
0.0852
0.0884
0.0913
0.0943
0.0982
0.1098
0.1252
0.129
0.1367
0.2754
0.1211
0.0813
0.083
0.0861
0.0877
0.0921
0.0956
0.0981
0.1104
0.1258
0.1316
0.1372
0.2749
0.1216
0.0816
0.083
0.0852
0.0872
0.0916
0.0954
0.0976
0.111
0.1256
0.1296
0.1351
0.2752
0.1165
0.1421
0.1493
0.1555
0.1626
0.1582
0.1646
0.1687
0.1742
0.1881
0.1931
0.1999
0.1868
-1
0.0884
0.0922
0.0956
0.0984
0.093
0.0962
0.0997
0.1046
0.1171
0.1237
0.1313
0.1217
0.2892
0.0876
0.0918
0.0961
0.0976
0.0929
0.0965
0.1006
0.1031
0.1182
0.1244
0.1318
0.1203
0.2877
0.0882
0.0936
0.0958
0.0994
0.092
0.0958
0.0995
0.1041
0.1177
0.1223
0.1306
0.1185
0.2863
0.2446
0.087
0.0911
0.0948
0.0882
0.0837
0.085
0.0868
0.0903
0.0908
0.0921
0.0816
0.0875
-1
0.1416
0.1442
0.1464
0.1415
0.1351
0.1395
0.1403
0.1417
0.1443
0.1476
0.1352
0.1419
0.2455
0.0879
0.0928
0.0941
0.0885
0.0827
0.085
0.087
0.0894
0.0915
0.0921
0.082
0.0882
0.2433
0.0879
0.0915
0.0952
0.0898
0.0829
0.0852
0.0861
0.0891
0.0903
0.0912
0.0792
0.0843
0.0878
0.2422
0.1001
0.1039
0.0994
0.0925
0.0878
0.0884
0.0927
0.0933
0.0943
0.0834
0.0918
0.1387
-1
0.1525
0.156
0.1517
0.1461
0.1414
0.144
0.1467
0.1482
0.1497
0.1407
0.1501
0.0875
0.2425
0.1004
0.1051
0.0992
0.0929
0.0875
0.0898
0.0912
0.0934
0.0951
0.0841
0.0931
0.0886
0.2436
0.1008
0.1052
0.0984
0.093
0.0881
0.0878
0.0921
0.0923
0.0929
0.0818
0.0886
0.0923
0.1004
0.2418
0.1141
0.1097
0.1033
0.0966
0.0927
0.0943
0.0955
0.0963
0.0849
0.0956
0.1437
0.1521
-1
0.1647
0.1618
0.1566
0.15
0.1473
0.1504
0.1531
0.1546
0.1454
0.156
0.0914
0.1
0.2416
0.1124
0.1102
0.1035
0.0956
0.0915
0.0937
0.0958
0.0977
0.0859
0.0954
0.0924
0.0996
0.243
0.1142
0.1099
0.1033
0.0958
0.0919
0.0932
0.095
0.0954
0.0832
0.0908
0.0944
0.1055
0.1136
0.2423
0.1189
0.1133
0.1062
0.1007
0.0973
0.0988
0.0991
0.0878
0.0988
0.1458
0.1553
0.1659
-1
0.1724
0.1678
0.163
0.1566
0.1549
0.1571
0.1594
0.1497
0.1622
0.0945
0.1038
0.113
0.2439
0.1185
0.1136
0.1073
0.1005
0.0977
0.0979
0.0996
0.0886
0.0993
0.0942
0.1054
0.1135
0.2429
0.1191
0.1141
0.1069
0.1013
0.0962
0.0976
0.0977
0.0858
0.094
0.088
0.0996
0.1099
0.1185
0.2492
0.1228
0.1178
0.1113
0.1066
0.1022
0.1039
0.0913
0.0934
0.1405
0.1523
0.163
0.1707
-1
0.1762
0.1731
0.1692
0.1648
0.1613
0.1642
0.1555
0.1586
0.0888
0.0996
0.109
0.1185
0.2494
0.1235
0.1198
0.1124
0.1068
0.1019
0.104
0.0915
0.0931
0.0885
0.0994
0.1101
0.1198
0.2501
0.123
0.1187
0.1121
0.1064
0.1008
0.1024
0.0891
0.0879
0.0838
0.0921
0.1034
0.1148
0.1218
0.2547
0.1284
0.1238
0.1185
0.1118
0.1069
0.0952
0.0961
0.1369
0.1458
0.1556
0.1663
0.1757
-1
0.1814
0.1798
0.1764
0.172
0.1704
0.1609
0.1647
0.083
0.0918
0.1043
0.1129
0.1238
0.2568
0.1288
0.124
0.1192
0.1118
0.1072
0.0947
0.0969
0.084
0.0917
0.1035
0.1144
0.1227
0.2549
0.1275
0.1236
0.1175
0.111
0.1062
0.0915
0.0923
0.0847
0.087
0.0963
0.1071
0.1178
0.1278
0.2604
0.1343
0.1321
0.1254
0.1178
0.0982
0.0999
0.1393
0.142
0.1516
0.1617
0.173
0.1827
-1
0.19
0.1884
0.1853
0.1816
0.1644
0.1683
0.0854
0.0874
0.0968
0.1076
0.1189
0.127
0.2625
0.1347
0.133
0.1248
0.1192
0.0978
0.0992
0.0855
0.0873
0.0972
0.108
0.119
0.1274
0.2611
0.1361
0.1304
0.1239
0.1182
0.0954
0.0955
0.0874
0.0894
0.0915
0.1006
0.1124
0.1244
0.1355
0.2685
0.143
0.1358
0.1289
0.1107
0.1043
0.1407
0.1437
0.1481
0.157
0.1674
0.1804
0.1886
-1
0.1981
0.1954
0.1915
0.1767
0.174
0.0866
0.0902
0.0908
0.1003
0.1132
0.1238
0.1354
0.2669
0.1435
0.1359
0.1304
0.11
0.1036
0.0874
0.0891
0.0909
0.102
0.1127
0.1236
0.1344
0.2678
0.1415
0.1353
0.1289
0.1083
0.0997
0.0897
0.0911
0.0944
0.097
0.107
0.1177
0.1323
0.1431
0.2765
0.1492
0.1424
0.1255
0.1187
0.143
0.1458
0.1494
0.1546
0.1642
0.1757
0.1878
0.1987
-1
0.206
0.2044
0.19
0.1877
0.0905
0.0918
0.094
0.0963
0.1069
0.1186
0.1315
0.1418
0.2777
0.1483
0.1426
0.1262
0.1182
0.09
0.0924
0.0941
0.0967
0.1074
0.119
0.1323
0.1437
0.2758
0.1478
0.1394
0.1243
0.1135
0.0911
0.092
0.0963
0.0982
0.1016
0.1118
0.1254
0.1356
0.1484
0.2904
0.1469
0.1305
0.1237
0.1449
0.1488
0.1547
0.158
0.162
0.1722
0.1846
0.1953
0.2059
-1
0.2069
0.195
0.1929
0.0909
0.0933
0.0959
0.0985
0.1015
0.1109
0.1251
0.1367
0.1482
0.2915
0.1478
0.1307
0.1238
0.0907
0.0922
0.0947
0.0985
0.1026
0.1112
0.1249
0.1365
0.1488
0.2909
0.1451
0.1282
0.1187
0.0933
0.0959
0.0963
0.1
0.1031
0.1075
0.119
0.1289
0.1434
0.1479
0.3091
0.1375
0.1323
0.1448
0.1507
0.1554
0.1594
0.1655
0.17
0.1812
0.1931
0.2045
0.2084
-1
0.2011
0.1993
0.0927
0.0947
0.0976
0.0999
0.1028
0.1074
0.1181
0.1303
0.1406
0.1474
0.3086
0.1371
0.1305
0.0927
0.0949
0.0977
0.0996
0.1041
0.107
0.1176
0.1298
0.1415
0.1467
0.3073
0.135
0.1268
0.0817
0.0833
0.0859
0.0879
0.0916
0.0942
0.0975
0.1115
0.1253
0.1307
0.1377
0.2753
0.1212
0.1358
0.1404
0.1455
0.1489
0.1559
0.1596
0.1641
0.1767
0.1905
0.196
0.2014
-1
0.1886
0.0818
0.0837
0.0858
0.0888
0.091
0.0938
0.0976
0.1099
0.1249
0.1305
0.1385
0.2751
0.12
0.0821
0.0837
0.0859
0.0877
0.0919
0.095
0.0981
0.1099
0.1253
0.1296
0.1364
0.2723
0.1168
0.0883
0.0926
0.0957
0.0989
0.0927
0.0952
0.1007
0.1047
0.1182
0.1235
0.1314
0.1211
0.2892
0.1412
0.1504
0.1557
0.162
0.1596
0.1647
0.1706
0.1738
0.1889
0.1931
0.1992
0.1868
-1
0.087
0.0932
0.0957
0.0982
0.0929
0.0963
0.0996
0.1045
0.1187
0.1233
0.1313
0.1215
0.289
0.0881
0.093
0.0954
0.0989
0.093
0.0978
0.0988
0.1041
0.1184
0.1228
0.1308
0.1174
0.2856
0.2432
0.088
0.092
0.0948
0.0884
0.0828
0.0848
0.0868
0.09
0.0911
0.0924
0.0824
0.0881
0.2438
0.0877
0.0917
0.0947
0.089
0.0834
0.0839
0.0871
0.0883
0.0911
0.0932
0.0822
0.0889
-1
0.1382
0.1429
0.1471
0.1404
0.1361
0.1375
0.1398
0.1431
0.1435
0.146
0.1358
0.1418
0.2437
0.0875
0.093
0.094
0.0882
0.0834
0.0846
0.0873
0.0896
0.0902
0.0909
0.0795
0.0846
0.0881
0.243
0.1002
0.1057
0.0992
0.0923
0.0874
0.0884
0.0915
0.0938
0.0945
0.0838
0.0933
0.0873
0.2407
0.0994
0.1053
0.0993
0.0932
0.0874
0.0892
0.0915
0.0928
0.0951
0.084
0.0937
0.1398
-1
0.1517
0.1559
0.1525
0.1453
0.1426
0.1441
0.1463
0.1486
0.151
0.1407
0.151
0.0881
0.2437
0.1002
0.1043
0.0992
0.0929
0.0868
0.089
0.0919
0.0929
0.0934
0.0813
0.0884
0.0923
0.1005
0.2424
0.1136
0.1098
0.1025
0.0972
0.0918
0.0938
0.0953
0.0973
0.0862
0.0962
0.0919
0.1008
0.2428
0.1128
0.1095
0.1026
0.0974
0.0915
0.0935
0.0949
0.0963
0.0858
0.095
0.1435
0.1517
-1
0.1639
0.1623
0.156
0.1494
0.1471
0.1514
0.1528
0.154
0.1454
0.1553
0.0921
0.1
0.2431
0.1136
0.11
0.1035
0.0965
0.0906
0.0929
0.0941
0.0949
0.0834
0.0914
0.094
0.1055
0.1138
0.242
0.1184
0.114
0.1075
0.1004
0.098
0.0982
0.0993
0.0885
0.0982
0.0945
0.1042
0.1141
0.2427
0.1184
0.1124
0.1076
0.1008
0.0968
0.0977
0.0996
0.0892
0.0981
0.1451
0.1559
0.1648
-1
0.1719
0.1668
0.1631
0.1579
0.154
0.1573
0.1601
0.1508
0.1605
0.0944
0.1046
0.1146
0.2426
0.1187
0.1142
0.1066
0.0997
0.0969
0.0975
0.0982
0.0865
0.0952
0.0888
0.0982
0.1098
0.1185
0.2501
0.1223
0.1192
0.1108
0.1065
0.1021
0.1035
0.0909
0.0925
0.0888
0.0995
0.1103
0.1194
0.2487
0.1238
0.1184
0.1122
0.1066
0.1016
0.1029
0.0917
0.0932
0.1403
0.1509
0.1627
0.1716
-1
0.1748
0.1717
0.1701
0.1649
0.1608
0.1656
0.1563
0.1586
0.0887
0.0995
0.1103
0.1178
0.2494
0.1233
0.1197
0.1112
0.1065
0.1005
0.1011
0.0891
0.0887
0.083
0.0924
0.1032
0.114
0.1238
0.2563
0.1291
0.124
0.1187
0.1121
0.1069
0.0951
0.0955
0.0822
0.092
0.1023
0.1131
0.123
0.2546
0.1285
0.1242
0.1184
0.1114
0.1073
0.0944
0.097
0.1354
0.1459
0.1569
0.1668
0.1751
-1
0.1823
0.1788
0.1755
0.1716
0.1694
0.16
0.1645
0.0837
0.0924
0.1032
0.1138
0.1231
0.2556
0.1281
0.1233
0.1187
0.1114
0.1058
0.0924
0.0925
0.0851
0.0875
0.096
0.1077
0.119
0.1288
0.2626
0.1342
0.132
0.1248
0.1194
0.0975
0.0994
0.0853
0.0884
0.0971
0.1074
0.1194
0.1289
0.2622
0.135
0.1321
0.1236
0.1196
0.0982
0.0995
0.1392
0.1417
0.1513
0.1624
0.1733
0.1827
-1
0.1876
0.1879
0.1861
0.1809
0.1642
0.1684
0.0856
0.0877
0.0966
0.1078
0.1187
0.1287
0.262
0.1336
0.1305
0.1234
0.1168
0.0957
0.0961
0.0875
0.0894
0.091
0.1007
0.1126
0.1233
0.1335
0.2679
0.144
0.1356
0.1292
0.1101
0.1032
0.0872
0.0895
0.0917
0.1007
0.1132
0.1236
0.1347
0.2674
0.1438
0.1365
0.1313
0.1098
0.1038
0.1407
0.1434
0.1489
0.1572
0.1687
0.1805
0.1894
-1
0.1996
0.1954
0.1922
0.1776
0.174
0.0871
0.0888
0.0916
0.1007
0.1128
0.1233
0.1348
0.2688
0.1429
0.1362
0.1286
0.1078
0.0994
0.089
0.0923
0.0935
0.0974
0.1073
0.1185
0.1318
0.1424
0.2763
0.1492
0.1415
0.1266
0.1177
0.0891
0.0915
0.0936
0.0971
0.1069
0.1181
0.1318
0.1429
0.2765
0.1489
0.1412
0.1263
0.1183
0.143
0.147
0.151
0.1543
0.1637
0.1762
0.1881
0.1997
-1
0.2069
0.2035
0.192
0.1881
0.0902
0.0919
0.0942
0.097
0.1073
0.1177
0.1311
0.1429
0.2763
0.1473
0.1414
0.1238
0.114
0.0916
0.093
0.0944
0.0981
0.1016
0.1117
0.125
0.1358
0.1479
0.2906
0.1475
0.1308
0.1251
0.0913
0.0928
0.0953
0.0977
0.1016
0.1113
0.1247
0.1357
0.149
0.2903
0.1476
0.1312
0.1245
0.1445
0.1496
0.1534
0.1568
0.1614
0.1722
0.1836
0.1952
0.2063
-1
0.2079
0.1948
0.1923
0.0914
0.0931
0.0956
0.0978
0.1012
0.1117
0.1241
0.1365
0.1478
0.2895
0.1458
0.1277
0.1195
0.0922
0.0958
0.0968
0.0995
0.104
0.107
0.1179
0.1296
0.1428
0.1477
0.3065
0.1372
0.1319
0.0931
0.0944
0.0976
0.0993
0.1034
0.1069
0.1186
0.1299
0.1421
0.1462
0.3093
0.1368
0.1319
0.1457
0.1501
0.1555
0.1608
0.1655
0.1699
0.1808
0.1923
0.2033
0.2072
-1
0.1999
0.1993
0.0928
0.0944
0.0969
0.0999
0.1026
0.1073
0.1176
0.129
0.1412
0.1465
0.3082
0.1347
0.1278
0.0818
0.0836
0.086
0.0877
0.0913
0.0944
0.0981
0.1107
0.1264
0.1313
0.1376
0.2748
0.1218
0.0817
0.0841
0.087
0.0884
0.0906
0.095
0.0978
0.1099
0.1253
0.1309
0.1371
0.2765
0.1217
0.1358
0.1406
0.1457
0.1515
0.156
0.1587
0.1643
0.1769
0.1915
0.1943
0.2007
-1
0.1882
0.0821
0.0835
0.0865
0.0875
0.0926
0.0946
0.0982
0.1096
0.1249
0.1295
0.1368
0.2727
0.1172
0.0888
0.0928
0.0957
0.0977
0.0933
0.0958
0.1007
0.1027
0.1177
0.1234
0.1319
0.121
0.2893
0.0886
0.0919
0.0951
0.0979
0.0925
0.0961
0.1006
0.1048
0.1181
0.1235
0.1319
0.1215
0.29
0.1433
0.149
0.1561
0.1613
0.1585
0.1638
0.1688
0.174
0.1873
0.1934
0.2
0.1881
-1
0.089
0.0928
0.0961
0.0979
0.0935
0.0966
0.0998
0.1036
0.1176
0.1229
0.1298
0.1183
0.2847
0.2452
0.0881
0.0917
0.0937
0.0893
0.083
0.0857
0.0877
0.0887
0.0914
0.0931
0.0826
0.0884
0.2428
0.0889
0.0913
0.0952
0.0891
0.0834
0.085
0.0866
0.0904
0.0925
0.0931
0.0818
0.089
0.2433
0.0886
0.0916
0.0939
0.089
0.084
0.0849
0.0862
0.0897
0.091
0.0925
0.0818
0.0892
-1
0.1238
0.1298
0.1328
0.1265
0.1216
0.1223
0.1256
0.1276
0.1293
0.1309
0.1212
0.1249
0.0875
0.2426
0.0998
0.1049
0.0995
0.0915
0.088
0.0891
0.0914
0.0931
0.095
0.0835
0.0929
0.0873
0.2422
0.1011
0.1056
0.0991
0.0928
0.0882
0.0895
0.0915
0.0943
0.0951
0.0843
0.0925
0.0878
0.2431
0.1012
0.1056
0.1004
0.0928
0.0877
0.0894
0.0915
0.0932
0.0947
0.0827
0.0919
0.1254
-1
0.1372
0.1402
0.1367
0.1299
0.126
0.1283
0.1305
0.1323
0.1343
0.1222
0.1306
0.0918
0.0996
0.244
0.1132
0.1107
0.1033
0.097
0.0925
0.0943
0.0961
0.0972
0.0862
0.0954
0.0913
0.1001
0.2423
0.1137
0.1103
0.1023
0.0966
0.091
0.0944
0.0967
0.0977
0.0862
0.0959
0.0923
0.1005
0.2421
0.1133
0.1101
0.1029
0.096
0.0918
0.0945
0.0953
0.0964
0.0858
0.0961
0.1302
0.1374
-1
0.1516
0.1472
0.1399
0.135
0.129
0.1338
0.1357
0.137
0.126
0.1335
0.0951
0.1044
0.114
0.2423
0.1191
0.1132
0.1069
0.101
0.0978
0.0991
0.1003
0.0885
0.099
0.0944
0.1052
0.1136
0.2427
0.1188
0.1146
0.1076
0.0999
0.0964
0.0976
0.0998
0.0874
0.0985
0.0942
0.1052
0.1136
0.2427
0.1181
0.113
0.1079
0.1011
0.097
0.098
0.0998
0.0887
0.0986
0.1325
0.1426
0.1505
-1
0.1572
0.1512
0.1463
0.1406
0.1363
0.1383
0.1407
0.1306
0.1375
0.0877
0.0999
0.1098
0.1195
0.2493
0.1234
0.1191
0.1126
0.1069
0.1012
0.1044
0.0912
0.0936
0.0887
0.0997
0.1095
0.1187
0.2494
0.1241
0.1182
0.1126
0.1072
0.1016
0.1036
0.0913
0.0945
0.0885
0.0994
0.1105
0.1182
0.2483
0.1228
0.1185
0.1132
0.1067
0.1022
0.1038
0.0907
0.0926
0.1261
0.1366
0.1477
0.1549
-1
0.1604
0.1558
0.1519
0.1463
0.1426
0.1445
0.1351
0.1333
0.083
0.0932
0.1035
0.1135
0.123
0.2569
0.1284
0.1228
0.1188
0.1102
0.1076
0.0946
0.0963
0.083
0.0925
0.1023
0.1134
0.1226
0.2561
0.1293
0.1238
0.1174
0.1115
0.1073
0.094
0.0969
0.0838
0.0917
0.1029
0.1141
0.122
0.2553
0.1283
0.1242
0.1187
0.1112
0.1064
0.094
0.0953
0.1212
0.1312
0.1421
0.1513
0.16
-1
0.1653
0.1617
0.1574
0.1523
0.1494
0.1363
0.137
0.0846
0.0873
0.0963
0.1078
0.1177
0.128
0.2597
0.1344
0.1312
0.1254
0.1184
0.0971
0.1
0.085
0.0868
0.0959
0.1067
0.1178
0.1281
0.2611
0.135
0.132
0.1248
0.1187
0.0982
0.0991
0.0851
0.0872
0.0962
0.1065
0.1191
0.1272
0.2619
0.1348
0.1308
0.125
0.1177
0.0972
0.0997
0.1238
0.1269
0.1366
0.1465
0.1571
0.1662
-1
0.1725
0.17
0.1644
0.1611
0.1407
0.1404
0.0868
0.0884
0.091
0.1013
0.1122
0.1228
0.1335
0.2691
0.1433
0.1358
0.1294
0.11
0.1032
0.0862
0.0893
0.0916
0.1002
0.1123
0.1227
0.1351
0.2668
0.1422
0.1364
0.1293
0.1105
0.1036
0.0866
0.0888
0.0912
0.1004
0.1121
0.1235
0.135
0.2675
0.1416
0.1352
0.1285
0.1098
0.1044
0.1245
0.1272
0.1314
0.1411
0.1516
0.1628
0.1721
-1
0.1814
0.1758
0.1704
0.152
0.1441
0.0891
0.0907
0.0942
0.0958
0.1068
0.1179
0.1318
0.1428
0.2766
0.1479
0.1415
0.1251
0.1169
0.0889
0.0911
0.0931
0.0969
0.1068
0.1182
0.1312
0.1425
0.2758
0.148
0.1418
0.1261
0.1174
0.0888
0.0909
0.0934
0.0962
0.1064
0.118
0.1314
0.1424
0.2758
0.1476
0.1421
0.125
0.1177
0.1271
0.1304
0.1341
0.1361
0.1465
0.1575
0.1693
0.1812
-1
0.1878
0.1829
0.1669
0.1582
0.0911
0.0921
0.0949
0.0959
0.1019
0.1115
0.1238
0.1353
0.1481
0.2908
0.1468
0.1299
0.1221
0.0898
0.092
0.0952
0.0966
0.101
0.1113
0.1239
0.134
0.1463
0.2903
0.1456
0.1308
0.1233
0.0909
0.093
0.0951
0.097
0.1021
0.1103
0.1234
0.1355
0.1478
0.2898
0.146
0.1295
0.1223
0.1296
0.1325
0.1362
0.1396
0.1437
0.1532
0.1651
0.1758
0.1874
-1
0.1866
0.1702
0.1617
0.0921
0.0928
0.0961
0.0987
0.1022
0.1048
0.1165
0.1272
0.1414
0.1455
0.3083
0.1366
0.1291
0.0925
0.0935
0.0954
0.0985
0.1032
0.1054
0.1179
0.1283
0.1403
0.1463
0.3064
0.1369
0.1308
0.0913
0.0939
0.0959
0.0985
0.1024
0.1057
0.1172
0.1277
0.1408
0.1464
0.3082
0.1366
0.1297
0.1301
0.1347
0.1372
0.1408
0.1452
0.1485
0.1608
0.1714
0.1829
0.1869
-1
0.1746
0.1677
0.0803
0.0819
0.0832
0.0867
0.0883
0.0926
0.0955
0.1084
0.1233
0.1279
0.1349
0.2732
0.1179
0.0797
0.0816
0.0834
0.0855
0.0899
0.0931
0.0964
0.1084
0.125
0.1293
0.135
0.2738
0.1187
0.0792
0.0813
0.0841
0.0859
0.0892
0.0925
0.0942
0.1079
0.1231
0.1287
0.1356
0.2734
0.1184
0.1191
0.1235
0.1257
0.1299
0.1339
0.136
0.141
0.1526
0.1671
0.1706
0.1766
-1
0.157
0.0848
0.0886
0.0925
0.0943
0.0883
0.0906
0.0969
0.1
0.1137
0.1195
0.1281
0.1169
0.2847
0.084
0.0882
0.0913
0.0932
0.0887
0.0916
0.0956
0.0998
0.1137
0.1193
0.1269
0.1171
0.2856
0.0843
0.0883
0.0911
0.0936
0.0891
0.092
0.0962
0.0987
0.1137
0.1205
0.1281
0.1165
0.2869
0.1243
0.1302
0.134
0.1376
0.133
0.1365
0.1416
0.1443
0.1575
0.1621
0.168
0.1579
-1
